timestamp,avg,qty
1574973300,912,151
1574973600,913,120
1574974200,912,151
1574983500,860,120
1574985300,850,100
1574985600,860,120
1574986200,850,100
1574989500,906,100
1574992800,909,13
1574994300,901,4
1574996400,891,2
1574997900,903,121
1575001500,902,1
1575007200,824,3
1575008700,841,4
1575018000,913,1001
1575023700,912,157
1575034500,913,10
1575047700,912,80
1575060600,866,126
1575062100,855,383
1575062400,850,353
1575064200,862,2
1575064500,913,1
1575065100,862,2
1575065400,913,1
1575065700,862,2
1575066000,913,1
1575069900,886,1
1575073500,903,50
1575082800,886,50
1575083700,894,160
1575084000,886,50
1575084600,894,220
1575086700,898,170
1575088500,901,130
1575094200,897,302
1575095100,901,1128
1575095700,897,306
1575097500,905,9
1575099600,901,125
1575115800,913,100
1575133800,912,414
1575135000,910,371
1575135300,912,343
1575135600,910,371
1575136800,891,49
1575137700,892,48
1575138000,891,49
1575138600,892,48
1575139500,888,160
1575139800,886,150
1575140400,888,160
1575140700,889,170
1575141000,886,150
1575141300,890,175
1575141900,889,170
1575142200,890,175
1575142500,913,46
1575144600,851,1519
1575146100,852,1543
1575146400,851,1514
1575146700,852,1543
1575147900,913,43
1575151800,877,1
1575153300,912,101
1575153600,877,1
1575153900,912,112
1575155700,913,212
1575162900,894,401
1575164700,877,251
1575165900,875,150
1575166200,877,251
1575166500,875,170
1575171900,883,351
1575172800,880,251
1575173100,883,351
1575173700,890,776
1575177300,877,30
1575179400,880,40
1575181200,890,20
1575190200,913,310
1575201300,920,10
1575201600,913,50
1575202200,920,10
1575204900,999,102
1575205200,920,11
1575205800,999,102
1575208800,982,50
1575209100,994,151
1575209400,982,50
1575224400,981,243
1575224700,982,240
1575225000,981,243
1575227100,980,5
1575230100,978,102
1575232800,979,201
1575233400,980,141
1575234000,973,112
1575234300,980,141
1575235200,973,112
1575235800,913,161
1575238800,968,6
1575239100,913,151
1575239400,968,6
1575239700,976,17
1575240300,968,6
1575240600,980,16
1575242700,979,61
1575244800,948,101
1575246300,918,51
1575253800,962,70
1575259200,960,70
1575268200,959,101
1575270300,960,100
1575270600,959,101
1575271200,960,100
1575273600,903,10
1575279300,951,130
1575279900,903,10
1575280500,951,130
1575281100,950,133
1575282600,954,123
1575284400,955,250
1575291900,954,10
1575299700,953,130
1575300300,952,40
1575300900,950,20
1575302100,949,10
1575309900,948,200
1575310200,949,70
1575311100,948,200
1575314100,949,70
1575314400,948,260
1575315000,949,30
1575322800,912,50
1575324600,925,100
1575324900,927,110
1575325500,925,100
1575326400,940,60
1575326700,925,100
1575327000,940,60
1575327300,925,100
1575327600,940,60
1575338700,938,240
1575342600,939,80
1575350100,900,5
1575391800,899,200
1575400800,869,110
1575402600,876,140
1575404700,899,30
1575417600,900,10
1575420900,897,181
1575424800,898,31
1575428100,902,150
1575430200,910,50
1575450000,930,100
1575456600,912,50
1575456900,930,500
1575457200,912,50
1575461700,930,10
1575490800,898,62
1575492000,891,541
1575511800,806,1
1575514800,892,20
1575515100,806,1
1575515400,892,220
1575518700,890,230
1575519600,880,30
1575519900,890,230
1575520200,880,30
1575524400,891,225
1575536400,899,600
1575542100,898,110
1575542700,899,100
1575543000,898,110
1575551100,928,1
1575555300,926,1
1575559200,859,111
1575559500,926,1
1575559800,859,111
1575561600,890,211
1575563400,926,101
1575564000,897,163
1575564300,926,1
1575569100,925,24
1575569400,926,10
1575569700,925,134
1575576000,885,1522
1575579600,928,26
1575581700,981,46
1575582600,1001,66
1575582900,981,46
1575583200,1038,63
1575583500,1001,66
1575584100,1050,57
1575584400,1038,63
1575585000,1050,57
1575585900,936,81
1575586500,972,118
1575587100,936,81
1575588900,926,181
1575589500,919,100
1575593100,945,42
1575593700,919,5
1575594000,945,42
1575594300,949,37
1575598200,901,33
1575598800,898,31
1575600000,870,20
1575600600,878,60
1575601200,870,20
1575601500,883,40
1575602100,878,60
1575602400,883,40
1575609300,799,40
1575614400,764,61
1575617100,762,461
1575617400,764,61
1575618000,762,461
1575636300,799,60
1575639300,822,510
1575639600,799,210
1575639900,822,510
1575640500,825,450
1575641100,842,700
1575642600,846,400
1575643200,842,700
1575643500,846,400
1575647400,796,76
1575650100,795,25
1575650400,796,96
1575650700,795,25
1575659400,787,20
1575670800,801,31
1575675900,803,1
1575685800,802,555
1575687300,801,136
1575687600,800,121
1575688200,801,136
1575688500,800,121
1575688800,801,136
1575691200,841,100
1575696300,844,440
1575698400,846,305
1575700200,870,5
1575707700,900,1
1575709500,788,149
1575718500,899,51
1575722100,900,200
1575724500,899,241
1575725700,898,41
1575729900,847,20
1575732900,890,100
1575735000,887,400
1575740400,803,20
1575744300,800,10
1575747900,799,5
1575753300,789,100
1575753900,773,300
1575754800,789,100
1575755100,773,300
1575757500,767,220
1575759000,789,20
1575766500,788,14
1575779400,787,110
1575779700,788,100
1575780000,787,110
1575780900,785,10
1575781800,788,1010
1575782100,785,10
1575782400,788,1010
1575795900,780,100
1575820200,777,3
1575825600,776,30
1575833100,779,37
1575834000,776,237
1575834300,779,37
1575834900,780,30
1575840300,789,1
1575841500,780,111
1575841800,789,1
1575843600,788,130
1575845700,784,120
1575847200,739,10
1575851400,703,21
1575852000,739,41
1575852300,703,21
1575852600,739,41
1575852900,703,21
1575853200,806,90
1575856500,746,10
1575860700,847,100
1575871200,900,3
1575885900,895,2450
1575912900,854,120
1575913200,895,70
1575913500,854,120
1575915000,870,201
1575917400,895,101
1575926100,850,2
1575926400,895,1
1575926700,850,2
1575927000,893,52
1575927300,850,2
1575927600,893,52
1575929700,895,50
1575930000,893,51
1575930600,895,50
1575932100,758,49
1575934200,756,50
1575934500,758,49
1575934800,756,50
1575935400,692,101
1575937500,698,110
1575939000,766,10
1575939300,698,110
1575939600,766,10
1575940800,857,100
1575942900,863,120
1575944400,895,20
1575944700,863,120
1575945000,895,20
1575946500,888,200
1575989700,895,5
1575991500,894,35
1576002600,895,210
1576002900,894,220
1576003200,895,210
1576006200,894,300
1576006500,895,100
1576006800,894,300
1576008900,891,285
1576010100,885,85
1576010400,891,285
1576010700,822,10
1576011000,885,85
1576011300,822,10
1576011600,828,11
1576012500,894,1
1576013100,828,11
1576013400,894,1
1576020000,881,74
1576020300,894,215
1576020600,855,24
1576021200,881,74
1576021800,855,24
1576022400,831,15
1576023300,855,24
1576023600,831,15
1576023900,894,2
1576038900,883,66
1576040700,870,31
1576046100,893,3
1576073700,1039,4
1576075800,992,19
1576076100,1039,9
1576076400,980,15
1576076700,992,19
1576077300,980,15
1576078800,951,10
1576082100,870,1
1576083600,869,201
1576092000,1029,30
1576102200,810,1
1576110600,894,1
1576117500,957,200
1576120800,955,1
1576126500,953,30
1576128300,948,10
1576131900,946,600
1576141500,945,16
1576160400,948,6
1576165200,947,705
1576167000,946,600
1576167300,947,705
1576167600,946,600
1576178700,944,1
1576180500,930,101
1576180800,944,1
1576181100,930,101
1576183500,922,40
1576183800,930,100
1576184100,922,40
1576184700,945,100
1576187100,944,109
1576187400,945,100
1576187700,944,109
1576191900,943,1600
1576192200,944,100
1576192500,943,1800
1576201500,917,159
1576202400,920,179
1576202700,917,159
1576203000,920,179
1576204200,925,239
1576204800,918,336
1576205400,908,265
1576205700,918,336
1576206000,905,288
1576207200,894,308
1576207800,895,231
1576209600,893,123
1576209900,900,100
1576218900,899,100
1576227600,915,86
1576231500,948,21
1576282800,984,1
1576284600,983,13
1576289100,979,400
1576296000,970,20
1576299300,977,120
1576300500,979,100
1576368300,980,3
1576371600,969,2
1576373700,978,32
1576375500,976,193
1576378800,979,40
1576382400,922,1121
1576384200,916,1021
1576386000,950,35
1576389900,971,11
1576391700,974,30
1576395300,979,21
1576404600,970,100
1576435500,880,11
1576437300,872,10
1576439100,1050,100
1576443000,1049,55
1576445100,1039,40
1576445700,1049,30
1576446300,1039,40
1576446600,1010,10
1576450200,1009,11
1576451700,1010,10
1576452000,1009,72
1576462800,1007,110
1576464600,996,20
1576466700,965,30
1576468500,950,33
1576481100,982,100
1576484400,903,10
1576493700,981,50
1576504800,968,60
1576508700,982,61
1576515900,904,51
1576517400,903,50
1576526400,888,10
1576530000,892,917
1576533600,950,40
1576535700,945,100
1576537200,942,60
1576539000,888,50
1576543500,925,1
1576544700,933,106
1576547700,934,105
1576548000,933,106
1576550100,934,50
1576554000,922,101
1576559400,933,51
1576561200,932,52
1576568700,874,2011
1576569000,888,11
1576569900,874,2011
1576571700,877,2631
1576572300,888,631
1576572600,877,2631
1576572900,888,631
1576578900,933,1801
1576579200,888,1
1576579500,933,1801
1576583100,950,10
1576592400,945,10
1576620900,903,110
1576623300,922,210
1576624800,943,100
1576625100,942,110
1576625400,943,100
1576626000,942,110
1576627200,935,10
1576627500,942,110
1576628100,935,10
1576629900,943,100
1576638600,942,76
1576644600,920,40
1576647900,935,100
1576648800,945,60
1576650900,930,90
1576651800,920,60
1576653000,919,70
1576654500,904,140
1576655100,919,70
1576655400,904,140
1576674600,940,1
1576694400,918,21
1576695000,917,20
1576695300,918,21
1576695900,939,601
1576696200,918,21
1576696500,939,601
1576699200,872,100
1576699500,939,580
1576699800,872,100
1576701000,891,257
1576703400,903,158
1576703700,904,166
1576704000,903,158
1576704600,904,166
1576704900,914,13
1576705200,904,166
1576705500,914,13
1576706700,916,14
1576707000,914,13
1576707300,916,14
1576707600,871,151
1576707900,916,14
1576708200,871,151
1576708500,870,148
1576709100,871,151
1576709400,870,148
1576710600,940,10
1576710900,870,148
1576711500,940,10
1576713600,928,2
1576714800,931,3
1576715100,928,2
1576715400,931,3
1576716600,939,1
1576717200,931,3
1576717500,939,41
1576725600,938,83
1576726500,939,53
1576726800,938,83
1576736400,930,325
1576739700,934,800
1576750800,940,70
1576770900,997,20
1576775100,1028,31
1576776600,1046,20
1576778400,1045,40
1576779300,1044,20
1576782300,1000,51
1576783800,1029,152
1576785600,1044,107
1576789500,1099,10
1576794600,1098,11
1576797300,1049,155
1576797600,1098,10
1576797900,1049,155
1576798200,1046,1011
1576800300,1048,906
1576802100,1099,40
1576811100,1135,200
1576820400,1132,1075
1576820700,1131,1020
1576821000,1132,1075
1576821600,1131,1020
1576821900,1132,1075
1576824000,1135,55
1576825800,1092,5
1576845900,1049,80
1576853100,997,39
1576854300,993,50
1576854600,997,39
1576854900,998,55
1576856700,1014,20
1576862400,934,7
1576867500,1047,18
1576876500,1029,101
1576878600,1033,132
1576878900,1029,101
1576879200,1033,132
1576879800,1029,101
1576880100,1031,62
1576882200,1016,31
1576885800,1043,10
1576889400,950,1
1576895100,917,151
1576896600,919,165
1576898700,913,44
1576900500,900,30
1576902300,944,30
1576905900,940,100
1576913100,950,102
1576916700,949,4005
1576920300,935,10
1576926000,942,1
1576938600,895,10
1576947900,915,120
1576948500,920,100
1576949400,915,120
1576949700,917,220
1576951500,915,120
1576951800,920,100
1576952100,915,120
1576962600,731,100
1576966200,769,12
1576969800,851,150
1576973400,800,110
1576975200,789,610
1576977600,790,901
1576977900,789,900
1576978200,790,901
1576978500,789,900
1576978800,790,901
1576979100,794,401
1576980600,895,11
1576984500,809,1
1576986300,876,21
1576988100,880,30
1576992000,771,383
1576993500,756,1403
1576994100,755,1473
1576994400,756,1403
1576994700,755,1473
1576995000,756,1403
1576995300,755,1473
1576995600,756,1224
1576997400,789,323
1576997700,788,332
1576998600,789,323
1576999200,778,176
1577001000,910,2
1577008500,908,50
1577023200,900,3
1577025000,903,103
1577025600,900,3
1577026200,903,103
1577026500,904,100
1577028600,942,34
1577030100,941,44
1577031000,940,74
1577045100,939,150
1577048400,938,25
1577050500,916,95
1577050800,938,35
1577051400,916,95
1577051700,938,35
1577052000,914,210
1577053800,923,201
1577054700,908,103
1577055300,923,201
1577055600,935,73
1577057700,817,15
1577058300,821,17
1577058900,817,15
1577059500,921,125
1577061000,935,110
1577063100,939,1
1577065500,917,81
1577065800,939,31
1577066400,917,81
1577068800,892,12
1577072100,903,11
1577077500,871,121
1577079300,864,100
1577081100,937,101
1577086500,939,100
1577090400,938,6
1577097900,919,200
1577101500,937,100
1577103900,936,115
1577111100,889,106
1577112000,884,96
1577113500,878,86
1577115600,937,10
1577123700,930,22
1577135400,875,50
1577139000,853,70
1577139600,800,20
1577145600,897,1
1577153700,896,30
1577162700,853,4
1577166300,850,100
1577168700,860,200
1577169000,850,100
1577169300,860,200
1577170200,876,140
1577170500,873,120
1577170800,876,140
1577172000,887,40
1577172300,876,140
1577172900,887,40
1577173800,878,20
1577196900,924,270
1577198700,928,250
1577205900,878,4
1577206200,886,129
1577207100,878,4
1577207400,886,129
1577209200,877,50
1577209500,886,129
1577209800,877,50
1577235000,849,141
1577244300,848,310
1577249700,870,50
1577255100,869,30
1577256900,868,50
1577275200,870,10
1577278800,872,901
1577286300,897,101
1577297100,896,21
1577300700,877,201
1577304300,898,50
1577306100,858,2
1577307900,860,152
1577311500,861,180
1577324400,858,171
1577326200,862,213
1577328000,899,13
1577333400,897,13
1577338800,858,20
1577340600,895,630
1577342400,897,710
1577346300,898,57
1577349900,888,110
1577366400,887,20
1577380800,845,20
1577382600,898,1520
1577384700,899,1727
1577386200,897,237
1577388300,858,10
1577393400,845,40
1577397300,844,120
1577398800,846,277
1577399700,847,325
1577400300,846,277
1577400600,847,325
1577400900,848,306
1577401200,849,206
1577401500,848,306
1577401800,849,206
1577402700,864,31
1577403300,857,39
1577403600,864,31
1577404500,865,30
1577415600,868,105
1577417400,873,44
1577421000,878,13
1577422500,897,303
1577426100,899,20
1577435400,880,10
1577440800,899,10
1577463000,895,134
1577464200,887,119
1577464500,895,134
1577464800,887,119
1577466000,893,186
1577466300,887,119
1577466600,893,186
1577467800,895,140
1577468400,899,101
1577469900,900,11
1577471700,899,78
1577474100,898,59
1577475300,900,1
1577475600,935,32
1577475900,900,1
1577476200,935,32
1577482500,950,10
1577486400,916,201
1577487000,918,211
1577487300,916,201
1577487600,918,211
1577487900,916,201
1577488200,918,211
1577488800,889,110
1577489100,918,211
1577489400,889,110
1577490000,876,1281
1577491500,875,1271
1577492100,874,1521
1577493600,883,385
1577495700,926,334
1577496600,925,324
1577497200,931,199
1577499000,944,20
1577503200,845,30
1577508300,945,10
1577510400,938,30
1577511900,935,25
1577513700,943,25
1577516100,945,20
1577517300,845,20
1577517600,945,20
1577517900,845,20
1577521500,891,5
1577525100,885,300
1577528700,891,41
1577545500,945,7
1577559900,866,33
1577563800,929,100
1577564100,866,33
1577565000,929,100
1577566800,894,240
1577567100,929,100
1577567400,894,240
1577568300,869,140
1577572200,944,30
1577574000,925,40
1577576100,870,10
1577576400,876,11
1577576700,870,10
1577577000,876,11
1577577600,939,202
1577582100,929,101
1577585100,925,200
1577592300,918,1
1577623200,917,100
1577627100,916,130
1577627400,915,30
1577627700,916,130
1577628000,915,30
1577629500,916,105
1577630100,917,75
1577635200,894,120
1577635800,917,20
1577636100,894,120
1577637000,890,100
1577637300,894,120
1577637900,890,100
1577641800,914,41
1577643000,913,63
1577646300,912,17
1577647200,916,10
1577649900,911,33
1577650800,909,23
1577651400,911,33
1577651700,869,3
1577652300,909,23
1577652600,869,3
1577654400,916,32
1577672100,901,182
1577674500,889,100
1577674800,901,180
1577675100,889,100
1577675400,917,10
1577675700,889,100
1577676300,917,10
1577678400,916,261
1577685000,917,21
1577685300,916,51
1577685600,917,21
1577698500,890,11
1577700000,897,1821
1577704200,898,70
1577704500,920,170
1577704800,898,70
1577705400,920,170
1577706300,936,140
1577706600,920,170
1577707500,936,100
1577711100,945,1700
1577722800,923,165
1577724600,928,210
1577724900,923,164
1577725800,928,210
1577726100,912,110
1577727300,944,50
1577728500,941,141
1577728800,944,90
1577729100,941,141
1577731200,940,101
1577731500,941,141
1577731800,940,110
1577733000,945,11
1577733300,940,110
1577733600,945,11
1577738400,939,91
1577740800,936,60
1577743800,891,100
1577749800,945,1
1577751900,892,39
1577753400,896,42
1577753700,894,41
1577754300,896,42
1577754600,894,41
1577755200,936,63
1577755500,931,93
1577756400,936,63
1577756700,931,93
1577757000,932,100
1577757300,919,50
1577757600,932,100
1577758200,919,50
1577758500,926,41
1577758800,919,50
1577759100,926,41
1577759700,945,11
1577768100,920,230
1577769900,921,234
1577770500,923,274
1577770800,921,234
1577771100,923,274
1577771700,939,44
1577778600,942,20
1577782800,944,10
1577793600,945,1
1577797200,915,30
1577802900,921,20
1577804700,929,31
1577806500,945,41
1577810100,921,148
1577813700,945,30
1577815500,921,152
1577819400,945,33
1577830200,922,107
1577832000,921,100
1577833800,945,10
1577852100,944,40
1577861700,945,100
1577865600,944,101
1577866500,945,100
1577866800,944,101
1577867400,920,1
1577880900,926,100
1577889900,945,16
1577895600,939,130
1577897400,921,30
1577899200,945,40
1577910000,920,30
1577911800,926,40
1577913900,945,12
1577921100,939,73
1577922900,936,247
1577924700,935,177
1577926500,945,1
1577948700,929,27
1577958000,945,1
1577965500,949,12
1577967600,950,10
1577973000,945,50
1577978700,946,150
1577979900,945,100
1577980200,949,51
1577980500,946,150
1577980800,949,51
1577987700,926,80
1577997300,938,46
1578000900,950,101
1578007200,949,70
1578012000,941,60
1578012300,926,20
1578012900,941,60
1578013200,926,20
1578013800,941,60
1578015600,949,140
1578021300,947,1
1578022800,926,311
1578057300,950,100
1578077400,949,210
1578087900,918,9
1578088500,944,52
1578090000,947,102
1578091800,950,110
1578093300,949,111
1578093900,941,82
1578095400,918,32
1578095700,917,38
1578096000,918,32
1578096600,917,38
1578096900,918,32
1578097200,917,38
1578099300,918,107
1578101100,925,10
1578104700,915,1
1578106800,925,120
1578107100,924,121
1578108000,925,120
1578122100,949,2
1578126900,948,151
1578137700,949,600
1578141600,950,201
1578144900,925,133
1578145200,950,81
1578145500,923,122
1578146100,925,133
1578146400,923,122
1578147600,921,113
1578148800,949,11
1578154500,912,60
1578157800,945,302
1578158100,912,92
1578158400,945,302
1578165000,949,20
1578167100,939,120
1578168600,937,100
1578172200,950,21
1578174600,946,24
1578174900,950,22
1578175200,946,24
1578175500,950,22
1578176100,946,24
1578176400,923,3
1578177900,947,33
1578178500,950,31
1578180000,863,2081
1578181500,864,2100
1578183300,943,50
1578183600,922,150
1578184200,943,50
1578184800,922,150
1578185700,912,100
1578186900,911,121
1578187200,912,100
1578187500,910,21
1578187800,911,121
1578188100,910,21
1578191100,912,14
1578192600,937,46
1578194400,948,195
1578196500,946,203
1578198000,931,240
1578199800,923,305
1578200400,926,405
1578201000,923,305
1578201300,926,405
1578201600,923,305
1578201900,936,455
1578204000,949,250
1578205800,950,20
1578210900,1022,110
1578221700,963,20
1578233700,954,20
1578240000,953,56
1578242700,952,26
1578243900,953,51
1578249300,954,20
1578250200,952,57
1578250500,954,22
1578250800,952,57
1578251700,953,158
1578254100,954,113
1578254400,953,136
1578254700,954,12
1578257400,934,50
1578257700,954,30
1578258300,934,50
1578259200,929,41
1578259500,921,30
1578260100,929,41
1578261300,954,11
1578262800,955,200
1578266700,937,130
1578267000,955,30
1578267600,931,100
1578267900,937,130
1578268500,939,151
1578269100,931,100
1578269400,939,151
1578270300,954,201
1578272700,953,204
1578280200,954,16
1578280500,953,41
1578281100,954,17
1578284700,953,113
1578286500,921,2
1578286800,953,103
1578287100,921,2
1578287400,953,103
1578287700,939,6
1578288300,949,14
1578288900,939,6
1578289200,949,14
1578291300,923,21
1578292800,900,11
1578298800,917,10
1578305100,916,7
1578306900,894,36
1578307200,916,7
1578307800,894,36
1578309000,890,30
1578309300,894,36
1578309600,919,1035
1578311400,920,1006
1578315300,919,1
1578323700,918,220
1578324000,919,231
1578324300,918,220
1578326100,917,20
1578326700,916,10
1578327000,917,20
1578327300,916,25
1578330900,917,21
1578333300,916,60
1578335100,913,50
1578336600,911,21
1578337500,912,31
1578337800,911,21
1578338400,915,12
1578338700,912,31
1578339000,915,12
1578341100,917,241
1578344700,909,323
1578346500,917,221
1578348300,916,30
1578349500,917,50
1578351300,918,71
1578353100,917,52
1578354900,915,10
1578356700,914,140
1578366000,913,2
1578371400,912,103
1578373200,901,24
1578375000,900,61
1578385800,897,1254
1578387600,898,2354
1578389400,899,1100
1578394800,900,100
1578396600,899,110
1578405900,896,20
1578411000,894,1
1578420300,893,61
1578425700,894,1
1578433500,895,40
1578433800,894,20
1578434100,895,40
1578434400,894,20
1578434700,895,40
1578435000,896,20
1578436800,913,6
1578438900,918,66
1578440400,919,61
1578442200,918,16
1578451800,898,101
1578453300,901,120
1578455400,910,130
1578455700,918,80
1578456300,910,130
1578457200,908,120
1578459000,898,20
1578468300,907,2
1578473700,898,20
1578477300,916,30
1578490500,918,100
1578495900,937,10
1578501300,898,10
1578508500,933,66
1578508800,898,10
1578509100,933,66
1578509400,937,60
1578510000,933,66
1578510300,937,103
1578512400,909,144
1578514200,904,121
1578516300,937,22
1578522300,939,300
1578525000,937,421
1578525600,934,121
1578525900,937,421
1578526200,934,121
1578526500,937,421
1578526800,934,101
1578531000,930,30
1578534000,929,79
1578542400,930,72
1578542700,929,282
1578543000,930,72
1578548400,934,1
1578559200,933,201
1578566400,934,8
1578584100,933,20
1578588000,932,82
1578595500,933,10
1578599400,920,11
1578601200,932,311
1578604800,931,168
1578606900,933,2117
1578610500,934,5
1578612300,930,59
1578614100,929,59
1578615900,919,5
1578618000,918,161
1578619800,924,21
1578621600,941,58
1578623400,931,78
1578625500,934,50
1578627300,983,30
1578629100,1022,10
1578636600,1020,21
1578657600,1001,50
1578659700,1020,38
1578663300,1019,40
1578667200,1020,1
1578672600,998,133
1578674700,958,130
1578676500,1010,51
1578678300,1019,201
1578683700,1009,41
1578687600,1019,130
1578694800,1005,410
1578696600,1016,160
1578698700,1014,173
1578700500,1008,38
1578702300,1016,16
1578707700,1022,7
1578711600,960,50
1578715200,1021,20
1578719100,1022,20
1578720900,1021,119
1578724500,1020,48
1578726300,926,60
1578737700,963,100
1578749100,1022,50
1578754500,1007,2
1578758400,1003,20
1578769500,1022,10
1578782100,1012,40
1578783900,1017,20
1578785700,1022,10
1578787800,989,93
1578789600,981,205
1578791400,949,313
1578793200,935,231
1578796800,992,10
1578798900,1019,112
1578800700,1021,102
1578804300,1022,41
1578811800,1019,130
1578813600,1012,30
1578815400,1022,20
1578823200,1034,30
1578826800,1063,10
1578840600,1041,30
1578844200,1063,47
1578846000,1011,91
1578847800,958,45
1578849600,1063,20
1578851400,1023,38
1578853200,961,38
1578855000,1042,120
1578857100,1062,120
1578858900,1013,334
1578860700,1007,560
1578862500,1004,655
1578864300,1002,698
1578866100,1000,987
1578868200,1001,718
1578870000,1007,175
1578871800,1026,10
1578879000,1062,20
1578884700,1036,4
1578888300,1026,61
1578890100,1024,50
1578891900,1036,10
1578897600,1029,50
1578901200,1030,50
1578910800,1027,170
1578912600,1025,100
1578918300,1024,33
1578928500,1019,72
1578932400,1023,7
1578938100,1024,41
1578939900,1025,20
1578947100,1022,42
1578948900,1023,142
1578950700,1024,141
1578952500,1025,20
1578954600,1011,120
1578956400,1008,101
1578958200,1022,31
1578960000,1021,31
1578961800,980,4
1578963600,1003,12
1578971100,1022,12
1578972900,1009,3
1578974700,1004,11
1578976500,1014,20
1578978300,1025,10
1578982200,959,20
1578991800,958,20
1578993600,953,320
1579001100,940,10
1579002900,951,113
1579004700,953,103
1579016100,945,100
1579023600,950,100
1579025400,951,161
1579027200,953,111
1579032600,951,150
1579038000,950,52
1579039800,940,1
1579045500,956,55
1579047300,951,155
1579049100,955,300
1579050900,959,284
1579054500,955,10
1579060200,940,4
1579065600,951,110
1579073100,989,1
1579074900,969,2
1579076700,949,1
1579078500,989,54
1579080600,992,73
1579082400,1000,20
1579088400,999,20
1579092300,949,1
1579094100,995,21
1579096200,998,120
1579101600,1008,70
1579103400,998,121
1579105200,984,51
1579112700,933,60
1579125600,1200,1
1579129200,1013,27
1579132800,996,10
1579134900,1019,13
1579136700,1097,3
1579140300,1044,10
1579142100,1031,51
1579143900,1011,92
1579145700,1010,111
1579147500,1022,90
1579156800,950,1
1579160400,1022,20
1579162200,1018,21
1579164000,949,1
1579169700,990,110
1579177500,968,60
1579183200,987,20
1579187100,970,45
1579188900,950,20
1579192800,987,25
1579198500,990,300
1579202100,1022,51
1579207500,963,101
1579212900,1011,50
1579216800,1003,17
1579218600,1017,18
1579220400,975,61
1579222200,963,90
1579225800,1011,29
1579227600,1024,68
1579229700,1032,40
1579238700,1020,500
1579250100,1032,40
1579257900,1037,20
1579261500,1035,50
1579272900,1037,110
1579276500,1035,151
1579280100,963,5
1579285500,1037,5
1579305600,979,20
1579307700,964,30
1579309500,941,171
1579311300,1033,160
1579313100,1037,161
1579320600,933,50
1579322400,940,56
1579324200,1000,6
1579328100,1037,13
1579331700,1036,131
1579333500,1033,201
1579335600,1034,200
1579339500,982,70
1579343100,978,20
1579344900,981,110
1579352400,1165,5
1579358100,982,30
1579359900,1073,100
1579365300,1199,50
1579368900,1018,220
1579370700,1030,320
1579372800,1036,577
1579374600,1032,1173
1579376400,1034,2389
1579378200,1035,1935
1579380000,1032,378
1579381800,1036,48
1579383600,1040,166
1579385400,1024,264
1579387500,1000,156
1579389300,1012,61
1579391100,1150,5
1579405800,1047,20
1579407600,1134,137
1579409400,1150,117
1579415100,1145,110
1579416900,1123,210
1579418700,1111,140
1579420500,1141,61
1579422300,1122,41
1579424400,1066,181
1579426500,1073,231
1579428300,1099,70
1579454400,1145,80
1579459800,1141,157
1579461600,1133,156
1579463400,1139,210
1579465200,1145,211
1579470900,1144,1
1579476300,1142,445
1579478100,1127,45
1579479900,1135,20
1579487400,1021,100
1579492800,1144,70
1579498500,1021,30
1579511700,1144,1
1579524900,1135,1
1579528500,1140,11
1579530600,1141,21
1579532400,1131,111
1579534500,1132,112
1579536600,1144,1
1579538400,1143,30
1579542000,1144,100
1579547700,1143,250
1579554900,1126,218
1579556700,1127,240
1579558500,1140,140
1579560300,1127,200
1579562400,1111,90
1579564200,1141,20
1579567800,1100,20
1579569600,1096,81
1579571400,1095,61
1579573200,1102,251
1579575000,1103,261
1579576800,1122,10
1579580700,1112,206
1579604700,1103,42
1579606800,1100,105
1579616100,1112,200
1579638300,1105,144
1579640100,1086,74
1579641900,1084,37
1579643700,1130,1
1579647300,1115,23
1579649100,1083,59
1579652700,1081,113
1579658400,1083,200
1579662000,1080,20
1579665600,1078,13
1579667400,1077,80
1579671000,1078,31
1579678500,1082,10
1579695600,1100,50
1579708800,1082,102
1579714500,1100,30
1579725300,1099,1170
1579738200,1082,134
1579740000,1084,150
1579741800,1049,40
1579743900,1000,20
1579745700,414,10
1579747500,802,60
1579749300,911,108
1579751100,1078,459
1579752900,1025,821
1579754700,955,420
1579756800,798,20
1579760400,929,5
1579764000,1080,300
1579777500,1016,4
1579790400,1025,121
1579794000,952,12
1579795800,1004,126
1579797600,1010,231
1579799400,1009,127
1579805100,1012,60
1579806900,1016,20
1579815900,1035,702
1579819500,1011,58
1579821300,1015,658
1579828800,988,127
1579834200,1015,1
1579839600,970,73
1579841400,963,63
1579850700,1000,60
1579854300,1005,10
1579876800,969,70
1579880700,968,1
1579886100,967,28
1579900500,966,65
1579906200,963,160
1579908000,960,67
1579927800,959,93
1579938600,956,200
1579942500,958,214
1579944300,959,200
1579948200,957,1141
1579951800,956,10
1579957500,945,120
1579959300,950,211
1579961100,956,101
1579962900,935,1000
1579964700,937,1060
1579966500,956,70
1579970100,952,8
1579972200,950,55
1579977600,935,130
1579979400,938,151
1579981200,959,21
1579990200,955,121
1579992000,954,127
1579993800,924,37
1579995600,922,30
1579997700,923,10
1579999500,925,11
1580001300,949,2
1580004900,959,605
1580008500,926,50
1580010600,928,90
1580012400,930,55
1580019600,893,25
1580023200,920,5
1580027400,939,1
1580031000,934,22
1580032800,953,22
1580034600,960,20
1580040300,900,10
1580042100,915,26
1580043900,924,16
1580045700,959,1280
1580053200,939,15
1580055000,957,115
1580056800,958,105
1580058900,938,5
1580060700,893,1
1580066100,930,300
1580067900,925,350
1580069700,891,150
1580071500,890,117
1580073300,931,117
1580075100,950,210
1580076900,960,115
1580078700,943,26
1580080500,946,31
1580082300,959,10
1580084100,960,10
1580086200,942,70
1580089800,949,36
1580091600,960,9
1580093400,940,31
1580095200,946,43
1580097000,960,71
1580098800,955,70
1580100600,945,20
1580102400,960,20
1580104200,959,221
1580111700,970,20
1580115300,930,20
1580124900,926,20
1580137500,930,20
1580159100,929,30
1580164500,938,38
1580166300,948,18
1580169900,959,200
1580171700,962,231
1580173500,982,32
1580174100,987,132
1580175000,930,101
1580175900,943,131
1580183400,928,50
1580187000,952,50
1580188800,989,21
1580197800,955,30
1580206800,930,15
1580210400,989,61
1580228400,988,222
1580232000,989,51
1580235600,988,134
1580242800,979,53
1580244600,987,577
1580246400,988,640
1580250000,996,40
1580251800,999,30
1580260800,1003,136
1580262600,1016,36
1580271600,1015,124
1580287800,1016,20
1580293200,1015,50
1580313000,958,10
1580316600,959,330
1580324700,962,11
1580327400,1014,40
1580332800,958,10
1580347200,974,2
1580349000,988,63
1580350800,989,62
1580361600,984,13
1580365200,989,20
1580376000,988,60
1580379900,989,30
1580385300,1016,50
1580394300,993,181
1580396100,966,81
1580401500,1016,52
1580405100,1000,10
1580419500,999,30
1580423100,1000,16
1580437500,983,2
1580439300,988,3
1580441100,921,42
1580442900,975,190
1580444700,991,150
1580459100,985,60
1580466300,984,7
1580471700,900,20
1580475300,965,100
1580477100,963,201
1580478900,954,162
1580480700,941,62
1580482800,920,1
1580484600,965,1
1580493600,932,1
1580497200,964,1
1580499000,910,101
1580502600,916,13
1580504400,961,103
1580506200,962,121
1580508000,964,20
1580510100,961,101
1580515500,920,135
1580517300,933,315
1580519100,943,185
1580520900,961,105
1580526300,964,11
1580529900,920,1
1580535300,948,112
1580544600,935,100
1580546400,936,112
1580548500,948,12
1580556000,947,50
1580565300,945,6
1580578200,936,21
1580580000,944,36
1580581800,956,15
1580589000,925,210
1580590800,924,205
1580592600,952,237
1580594400,953,232
1580596200,973,22
1580599800,974,50
1580612700,975,151
1580618100,974,1
1580640000,947,5
1580641800,948,6
1580643600,972,101
1580645700,963,13
1580647500,959,23
1580649300,965,280
1580651100,967,241
1580654700,962,3
1580656500,953,1
1580658300,974,11
1580664000,971,5
1580669400,970,41
1580676600,974,20
1580678400,973,21
1580680200,970,11
1580683800,971,151
1580687400,972,120
1580703900,974,31
1580711100,989,100
1580712900,988,101
1580714700,975,1
1580720400,989,40
1580722200,979,140
1580724000,975,100
1580729700,970,1
1580737500,975,100
1580739300,955,4
1580742900,952,90
1580744700,950,570
1580748300,908,1
1580751900,954,1
1580766600,946,301
1580768400,937,141
1580770200,954,20
1580782800,967,2
1580795700,966,240
1580799300,974,200
1580804700,965,1
1580814300,974,30
1580819700,965,161
1580845500,974,161
1580847300,980,100
1580849100,970,170
1580850900,969,193
1580852700,992,118
1580854800,999,96
1580856600,1153,2
1580858400,1279,23
1580860200,1197,112
1580862000,1177,90
1580863800,939,1
1580865600,1242,7
1580867400,1293,7
1580874600,1263,115
1580876400,980,11
1580880000,1292,117
1580891100,965,3
1580892900,1262,43
1580894700,1177,60
1580896500,965,24
1580898300,1030,5
1580900100,1291,2
1580910900,1251,55
1580912700,1274,255
1580914500,1281,210
1580918100,1250,20
1580928900,1191,50
1580930700,1207,70
1580932500,1150,73
1580934300,1112,53
1580939700,1190,26
1580943600,1050,152
1580952600,1048,14
1580954400,1045,4
1580956200,1007,21
1580958000,1120,51
1580959800,1200,50
1580963400,1218,1
1580970900,1230,60
1580974500,980,10
1580981700,994,5
1580991000,1001,10
1580996700,1000,100
1581007500,977,378
1581009300,986,1354
1581011100,991,1040
1581012900,992,41
1581014700,991,21
1581021900,905,1003
1581025500,944,32
1581029400,935,6
1581033000,944,1
1581047700,986,13
1581049500,990,12
1581051300,993,50
1581053100,988,110
1581054900,985,65
1581056700,993,1006
1581060600,994,1
1581062400,992,22
1581064200,991,21
1581066000,992,100
1581079500,990,100
1581087000,989,20
1581092700,973,2
1581094500,977,3
1581096300,985,34
1581098100,986,83
1581099900,982,55
1581101700,951,6
1581103500,986,1
1581105300,959,110
1581110700,958,100
1581118200,939,220
1581134400,940,40
1581140100,959,10
1581143700,957,34
1581145500,950,4
1581149100,949,130
1581164400,945,1
1581166200,944,71
1581168000,946,131
1581169800,949,61
1581186600,936,250
1581188400,925,57
1581190200,897,8
1581192000,938,41
1581202800,932,12
1581204600,879,32
1581206400,848,21
1581213900,899,100
1581217500,922,32
1581219300,910,52
1581221100,892,120
1581232200,891,111
1581235800,869,125
1581243300,950,30
1581249000,821,1
1581250800,945,27
1581252600,950,26
1581254700,864,10
1581258300,891,382
1581260100,899,293
1581261900,929,2
1581263700,935,361
1581267300,909,22
1581273000,995,20
1581276600,990,105
1581278400,984,189
1581280200,977,84
1581282000,915,11
1581285600,864,20
1581287400,938,51
1581289200,987,41
1581291000,989,111
1581294600,895,47
1581296400,864,127
1581298200,849,293
1581300000,843,352
1581301800,846,170
1581303600,863,40
1581305400,795,220
1581307200,798,280
1581309000,825,978
1581310800,835,1027
1581312600,904,129
1581314400,879,102
1581316500,878,103
1581318300,908,201
1581320100,909,200
1581324000,990,6
1581329400,995,200
1581331200,1000,100
1581348300,1037,30
1581350100,1056,51
1581351900,1100,31
1581353700,1123,81
1581355500,1152,93
1581357300,991,122
1581359100,1092,200
1581360900,1249,101
1581368100,1117,50
1581375300,1249,1
1581377100,1106,94
1581378900,1105,93
1581382500,1245,102
1581384300,1236,105
1581386100,1205,24
1581387900,1221,56
1581389700,1113,55
1581391500,950,20
1581395100,1150,50
1581398700,1149,190
1581400800,1148,20
1581406200,1135,50
1581408000,1137,60
1581409800,1148,10
1581411900,954,22
1581413700,1032,47
1581415500,1138,125
1581417600,1148,120
1581428700,1147,1
1581440100,1011,243
1581441900,1018,264
1581443700,1095,181
1581450900,1090,11
1581454500,1098,175
1581463500,1097,46
1581465300,1090,5
1581467100,1098,30
1581470700,1000,100
1581474300,1099,40
1581476100,1079,50
1581477900,1077,46
1581479700,1099,36
1581483300,1084,51
1581485100,1075,31
1581499800,1072,130
1581505500,1069,105
1581518400,1067,60
1581527400,1065,21
1581529200,1060,31
1581531000,1050,1081
1581532800,1054,1571
1581534600,1065,500
1581536400,1064,5
1581541800,978,133
1581543600,979,1781
1581545400,982,2315
1581547200,1001,804
1581549000,1067,167
1581550800,1066,131
1581552600,1065,103
1581556200,1066,20
1581558000,1067,70
1581561600,1077,130
1581563400,1099,40
1581569700,1013,100
1581571500,1100,160
1581573300,1245,80
1581600000,998,20
1581607500,997,8
1581614700,976,43
1581616500,979,51
1581618300,997,10
1581621900,993,232
1581625500,987,29
1581630900,994,30
1581632700,982,70
1581634500,974,40
1581636300,1190,61
1581639900,1209,20
1581647400,1463,11
1581667200,1458,50
1581675000,1208,10
1581685800,1144,21
1581687600,1060,70
1581689700,1028,50
1581691500,1188,6
1581693300,1190,5
1581702300,1457,60
1581704100,1394,72
1581705900,1079,12
1581711300,1450,10
1581713100,1457,141
1581714900,1458,182
1581723300,1438,221
1581723900,1288,61
1581724200,1438,221
1581724800,1288,61
1581726600,1285,60
1581726900,1108,350
1581727200,1285,60
1581727500,1108,350
1581727800,1177,540
1581729600,1182,560
1581729900,1177,540
1581730200,1305,250
1581730500,1182,560
1581730800,1305,250
1581731100,1302,21
1581732900,1274,2
1581733500,1302,22
1581733800,1303,52
1581734400,1274,2
1581734700,1305,51
1581753900,1304,30
1581766500,1076,140
1581768600,1075,192
1581768900,1076,142
1581769200,1075,192
1581778500,1074,2
1581779100,1075,21
1581779700,1074,1
1581785400,1075,1
1581788700,1076,10
1581792600,1302,100
1581801600,1300,155
1581807300,1299,17
1581812400,1116,5
1581816000,1297,50
1581821700,1262,109
1581823500,1261,110
1581823800,1257,100
1581825000,1261,110
1581825300,1296,170
1581826200,1295,171
1581826500,1296,170
1581828300,1295,113
1581828600,1289,123
1581830700,1288,150
1581839400,1116,100
1581841200,1121,103
1581843300,1288,3
1581852000,1287,350
1581864000,1265,57
1581868500,1230,171
1581869700,1218,141
1581870000,1230,171
1581870300,1219,142
1581870900,1218,141
1581871500,1219,142
1581871800,1286,22
1581875700,1274,1
1581878700,1273,53
1581880500,1270,22
1581880800,1273,52
1581881100,1270,22
1581882600,1271,40
1581882900,1269,100
1581883200,1271,40
1581883500,1269,100
1581883800,1271,40
1581884100,1266,236
1581884700,1262,300
1581885000,1266,236
1581885300,1262,300
1581885600,1266,236
1581885900,1262,280
1581886800,1260,220
1581887100,1262,280
1581887700,1260,220
1581888300,1245,26
1581888900,1250,64
1581889200,1245,26
1581891300,1191,25
1581892200,1130,10
1581892800,1191,25
1581893100,1130,30
1581897300,1107,105
1581902400,1104,50
1581904500,1100,50
1581906300,1102,49
1581906600,1100,30
1581906900,1102,49
1581908100,1106,19
1581911100,1100,70
1581931200,1108,10
1581939300,1098,50
1581944700,1106,7
1581946800,1108,6
1581950400,1099,11
1581957600,1073,130
1581959700,1069,175
1581965100,966,20
1581966900,967,61
1581968700,965,283
1581974400,963,6
1581996600,968,120
1581997200,963,110
1581997800,968,124
1581999900,965,4
1582000200,1008,14
1582000500,965,4
1582000800,1008,14
1582001100,965,4
1582001400,1008,14
1582005600,966,50
1582008900,1016,1
1582017000,1081,105
1582018800,1095,505
1582020600,1099,450
1582028700,1098,20
1582032900,1000,15
1582033200,1098,44
1582034100,1000,15
1582036500,1019,149
1582036800,1022,130
1582037100,1019,149
1582037400,1022,130
1582037700,1019,149
1582038000,1081,70
1582040100,1069,40
1582051200,973,20
1582060200,995,350
1582063800,973,101
1582064400,978,127
1582067100,1000,26
1582068900,1024,1
1582069800,1073,21
1582070400,1024,1
1582070700,1076,96
1582071000,1073,21
1582071600,1076,96
1582073700,1075,86
1582074300,1063,11
1582075500,1071,25
1582077000,1077,14
1582077600,1071,25
1582077900,1095,114
1582078500,1077,14
1582078800,1098,100
1582079100,1095,114
1582079700,1098,100
1582084500,948,30
1582090500,1024,10
1582092300,973,70
1582094100,965,60
1582103100,1024,20
1582105500,989,80
1582106400,1024,20
1582106700,978,60
1582107000,989,80
1582107300,978,60
1582108500,1013,260
1582109700,1024,200
1582110300,1025,300
1582110600,1024,200
1582110900,1025,300
1582111200,1027,100
1582111500,1025,300
1582112100,1027,101
1582114200,1075,1
1582114500,1027,101
1582115400,1075,1
1582117200,1098,10
1582119300,1089,11
1582119600,1098,10
1582119900,1089,11
1582120500,1098,10
1582120800,1089,11
1582121100,1000,1
1582128900,973,10
1582130400,1073,310
1582131000,973,10
1582131900,1073,310
1582132200,1077,300
1582133100,1073,310
1582133400,1077,300
1582133700,1075,310
1582134000,1024,10
1582134300,1075,310
1582134600,1024,10
1582134900,1075,310
1582135200,1024,10
1582137300,1047,1
1582140900,1064,10
1582141200,1047,1
1582141500,1064,10
1582150200,1075,20
1582150800,1056,60
1582151100,1075,20
1582151700,1056,60
1582152000,1052,111
1582152300,1056,60
1582152600,1052,111
1582153500,1049,101
1582153800,1052,111
1582154100,1049,101
1582154400,1055,61
1582156500,1052,100
1582157100,1048,383
1582157400,1052,100
1582158000,1048,383
1582158600,1047,413
1582160400,1049,530
1582160700,1053,247
1582161300,1049,530
1582161600,1053,247
1582162500,1085,206
1582162800,1070,337
1582163100,1085,206
1582163700,1093,142
1582164300,1078,205
1582164600,1093,142
1582164900,1078,205
1582165200,1093,142
1582165500,1046,85
1582167300,1052,85
1582167600,1051,83
1582167900,1071,20
1582168500,1051,83
1582168800,1071,20
1582169700,1097,10
1582173300,1055,20
1582174500,1062,40
1582176600,1059,50
1582177200,1053,230
1582177800,1059,50
1582178100,1053,230
1582178400,1061,260
1582178700,1065,290
1582179300,1061,260
1582179900,1065,290
1582180800,1099,80
1582182000,1098,230
1582187400,1059,40
1582188000,1046,30
1582188900,1059,40
1582189200,1046,30
1582193100,1015,35
1582197000,1098,120
1582215600,1059,20
1582219200,1058,100
1582226400,1054,101
1582232100,1058,1
1582237500,1079,90
1582239300,1104,101
1582241100,1112,51
1582246800,1054,10
1582247100,1115,210
1582247400,1054,10
1582248000,1115,210
1582250100,1119,220
1582250400,1115,210
1582250700,1119,220
1582254600,1054,10
1582255800,1087,20
1582257600,1103,40
1582257900,1120,30
1582258500,1103,40
1582259100,1120,60
1582274700,1116,39
1582275300,1117,49
1582275900,1116,39
1582277700,1120,30
1582278000,1116,39
1582278300,1120,30
1582289100,1105,90
1582293900,1054,12
1582295100,1084,22
1582295400,1054,12
1582295700,1084,22
1582298400,1087,20
1582299300,1054,10
1582301400,1120,41
1582301700,1054,10
1582302000,1120,41
1582305600,1050,1
1582305900,1087,21
1582306200,1050,1
1582306500,1087,21
1582308600,1089,20
1582308900,1087,21
1582309500,1113,200
1582311900,1065,426
1582312800,1113,200
1582313100,1067,466
1582313400,1065,426
1582313700,1067,466
1582315800,1108,143
1582316400,1067,467
1582316700,1110,223
1582318500,1109,223
1582320600,1061,1
1582320900,1109,201
1582321200,1061,1
1582330200,1118,1000
1582332900,1119,8
1582333200,1118,1000
1582333500,1119,8
1582334700,1061,214
1582335000,1119,8
1582335600,1061,214
1582336500,1059,207
1582336800,1061,214
1582337400,1059,207
1582346700,1061,20
1582347600,1057,30
1582349700,1050,10
1582351200,1082,40
1582373100,1028,30
1582375800,1055,60
1582377600,1081,666
1582379400,1080,688
1582380900,1064,52
1582381500,1063,50
1582386300,1082,10
1582386600,1077,11
1582387500,1082,10
1582387800,1077,11
1582388100,949,281
1582388400,1077,11
1582388700,949,281
1582389300,939,1280
1582389600,949,281
1582389900,939,1280
1582390500,938,1276
1582391700,936,1087
1582392000,938,1337
1582392300,936,1087
1582392600,943,88
1582392900,936,1087
1582393500,939,302
1582393800,943,88
1582394100,939,302
1582395600,1013,725
1582396200,1011,749
1582397100,1013,725
1582397400,1011,749
1582397700,1035,561
1582398300,1056,461
1582401000,1026,35
1582404600,976,210
1582406400,980,353
1582408500,984,261
1582410000,986,216
1582411800,1001,130
1582412100,1004,30
1582412400,1001,130
1582412700,1004,30
1582413000,1001,130
1582413600,1004,30
1582413900,1050,120
1582415700,1063,181
1582419300,1064,131
1582421100,1081,88
1582430100,1080,100
1582441200,1078,110
1582446600,1080,1010
1582450500,1082,100
1582455900,1044,64
1582456500,1038,263
1582456800,1044,64
1582457400,1038,263
1582457700,1037,529
1582461600,1059,163
1582463400,1044,515
1582465500,1037,756
1582467000,1074,2450
1582468800,1057,4605
1582470600,1038,3735
1582472700,1044,2148
1582474500,1051,862
1582476300,1053,41
1582483500,1078,37
1582487100,1061,3
1582488900,1053,2
1582491300,1052,40
1582501500,1053,7
1582505700,1080,9
1582516200,948,395
1582518600,945,385
1582519200,948,395
1582519500,945,385
1582521900,1069,100
1582527600,1070,30
1582527900,1060,10
1582528500,1070,30
1582529100,1071,40
1582529400,1070,30
1582529700,1071,40
1582530300,1051,127
1582530600,1050,117
1582531800,1045,97
1582532100,1050,117
1582532400,1045,97
1582533300,1075,10
1582533600,1045,97
1582533900,1075,10
1582534500,1061,80
1582536900,1059,70
1582545900,1055,10
1582558800,1059,5
1582575000,1080,1
1582576800,1073,41
1582577100,1080,1
1582577700,1073,41
1582578600,1075,72
1582580700,1079,32
1582584900,1077,175
1582585200,1079,135
1582585500,1077,175
1582585800,1076,76
1582588200,1072,42
1582588800,1068,3
1582589100,1072,42
1582589400,1068,3
1582589700,1053,2
1582594800,1020,160
1582595100,1018,170
1582596300,1022,180
1582597800,1024,140
1582598100,1022,300
1582598400,1024,140
1582599000,1027,130
1582599300,1024,140
1582599600,1028,170
1582600500,1046,50
1582601700,1058,66
1582603800,1099,16
1582610700,1183,50
1582621800,1141,20
1582623600,1142,90
1582623900,1141,20
1582624200,1137,80
1582624500,1142,90
1582624800,1137,80
1582625100,1142,90
1582625400,1143,70
1582626600,1150,85
1582626900,1143,70
1582627200,1150,85
1582627800,1183,15
1582647300,1192,182
1582648800,1193,161
1582649100,1192,182
1582649400,1193,161
1582654800,1106,26
1582659600,1110,1491
1582659900,1106,30
1582660200,1110,1491
1582662000,1117,1591
1582662600,1116,1611
1582663200,1179,150
1582663500,1117,1591
1582663800,1179,141
1582672500,1170,20
1582674600,1176,78
1582676400,1179,58
1582687200,1174,111
1582691100,1178,44
1582696500,1168,100
1582698300,1170,120
1582699200,1172,40
1582700700,1180,20
1582712100,2141,27
1582714800,3000,10
1582716300,2657,30
1582718400,1720,81
1582718700,2657,30
1582719000,1720,81
1582719900,1169,51
1582720200,1313,82
1582720500,1169,51
1582720800,1313,82
1582721400,1550,31
1582724400,1507,600
1582725300,1550,100
1582725600,1507,600
1582727700,1492,510
1582728900,1163,10
1582729500,1958,114
1582730700,1951,115
1582731600,2181,125
1582733700,2915,22
1582734000,2999,21
1582734300,2915,22
1582735200,2999,21
1582735500,1921,76
1582737300,1687,205
1582738800,1560,130
1582739700,1715,76
1582740300,1560,130
1582740900,1715,76
1582743300,1108,10
1582744800,1135,32
1582746300,1345,132
1582747200,1365,122
1582747500,1345,132
1582747800,1413,100
1582748100,1365,122
1582748400,1425,101
1582749000,1413,100
1582749300,1425,101
1582749900,1511,101
1582750500,1517,102
1582751100,1511,101
1582751400,1517,102
1582753200,1347,193
1582753500,1181,102
1582754100,1657,312
1582755300,1767,570
1582755900,1881,478
1582756500,1767,570
1582756800,1881,478
1582757400,1900,260
1582757700,1895,470
1582758300,1900,260
1582758600,1899,21
1582759200,1900,260
1582759500,1899,21
1582764600,1643,30
1582767900,2098,201
1582771200,2999,150
1582771500,2098,201
1582771800,2999,150
1582782000,2865,220
1582783200,2851,200
1582783500,2865,220
1582783800,2851,200
1582791600,1300,40
1582794600,1334,41
1582795800,1433,63
1582796700,1418,230
1582798200,1413,230
1582798500,1418,231
1582798800,1413,230
1582802700,1800,10
1582805400,1359,316
1582805700,1800,10
1582806000,1345,306
1582806300,1359,316
1582806900,1345,306
1582809000,1998,110
1582813500,1440,72
1582813800,1770,12
1582814100,1440,72
1582815000,1618,171
1582816500,1609,160
1582818000,1749,101
1582824900,1747,44
1582827600,1746,50
1582827900,1747,42
1582828500,1746,50
1582829400,1739,91
1582832100,1735,45
1582833900,1777,5
1582834500,1784,4
1582834800,1777,5
1582835400,1747,71
1582840500,1587,4
1582842900,1686,15
1582843500,1587,4
1582844100,1632,41
1582846500,1624,40
1582848000,1696,126
1582855200,1695,200
1582858800,1681,11
1582860600,1696,1
1582866300,1534,120
1582868100,1543,140
1582869900,1600,20
1582871700,1549,2
1582877100,1599,20
1582879200,1650,93
1582884600,1599,10
1582886400,1521,40
1582888200,1496,30
1582891800,1434,15
1582893900,1406,45
1582894200,1434,15
1582894500,1406,45
1582895100,1434,15
1582895400,1406,45
1582895700,1392,30
1582897800,1400,200
1582908600,1352,28
1582912200,1334,13
1582914000,1328,30
1582925700,1256,125
1582928700,1298,397
1582929000,1256,125
1582929300,1318,273
1582929600,1298,397
1582929900,1318,273
1582932600,1320,1
1582934100,1090,4
1582934700,882,14
1582935000,1090,4
1582935600,882,14
1582937400,800,10
1582938300,882,14
1582938600,800,10
1582939200,1329,100
1582942200,1486,8
1582944000,1500,7
1582944300,1486,8
1582944600,1500,7
1582947900,1350,2
1582960200,1499,1
1582962300,1397,99
1582962600,1499,1
1582962900,1397,99
1582963200,1396,98
1582964700,1447,194
1582965300,1396,98
1582965600,1447,194
1582965900,1498,98
1582966200,1447,194
1582966500,1489,108
1582967400,1498,98
1582967700,1489,108
1582969200,1327,20
1582969500,1314,18
1582970400,1397,18
1582970700,1314,18
1582971300,1430,23
1582972200,1550,15
1582977000,1267,92
1582984800,1519,21
1582987500,1348,61
1582987800,1519,21
1582988100,1348,61
1582988400,1349,70
1582993500,1328,240
1582993800,1349,140
1582994100,1328,240
1582995300,1317,310
1582995900,1314,350
1582996500,1300,250
1582996800,1314,350
1582997400,1300,150
1582998600,1308,61
1582998900,1300,150
1582999200,1345,111
1583006400,1207,1
1583008200,1265,31
1583010600,1267,30
1583014200,1193,11
1583016000,1245,142
1583017800,1250,131
1583019600,1117,20
1583026800,800,22
1583035800,832,122
1583037600,999,40
1583041200,1000,20
1583046900,1129,100
1583048700,1127,101
1583050500,974,21
1583063400,975,50
1583070600,900,40
1583078100,925,10
1583081400,830,30
1583085900,925,11
1583099700,924,100
1583101500,937,400
1583103300,942,330
1583105100,958,80
1583106900,969,50
1583108700,968,1
1583114400,967,10
1583119500,940,60
1583121600,961,360
1583123400,966,300
1583125200,967,1
1583150700,960,100
1583152500,954,136
1583154300,939,36
1583158200,976,100
1583167500,978,111
1583167800,900,1
1583169000,978,111
1583172900,976,30
1583176500,938,5
1583178300,881,2
1583180400,975,1
1583183700,977,106
1583187000,976,24
1583187300,977,116
1583187600,976,24
1583189100,977,44
1583190000,942,54
1583190300,977,44
1583190600,929,40
1583190900,942,54
1583191200,929,40
1583191500,881,20
1583191800,929,40
1583192400,881,20
1583194500,978,6
1583198400,926,1
1583198700,965,4
1583199600,926,107
1583205600,899,101
1583219700,900,44
1583229300,899,1
1583249100,895,98
1583253000,880,1
1583258700,894,100
1583262000,898,130
1583265900,899,53
1583267100,893,72
1583267400,899,53
1583267700,893,72
1583268300,881,22
1583268600,893,72
1583268900,881,22
1583270700,880,20
1583273100,899,27
1583279700,926,10
1583287800,925,1380
1583288400,926,1421
1583288700,925,1380
1583291400,926,100
1583291700,925,80
1583292300,926,100
1583318700,974,20
1583325000,976,401
1583328900,974,1
1583333100,978,6
1583341200,974,90
1583343600,973,60
1583352000,978,90
1583357100,990,20
1583358300,987,24
1583360100,973,4
1583360700,987,24
1583361000,973,4
1583361900,965,15
1583362200,963,14
1583362500,965,15
1583365500,970,140
1583370300,972,3
1583370900,950,103
1583371200,972,3
1583371500,950,103
1583371800,972,3
1583372400,950,103
1583377800,999,51
1583392800,975,10
1583401500,974,21
1583401800,975,23
1583402100,974,51
1583405700,975,5
1583406300,974,35
1583406600,975,5
1583423700,974,15
1583429400,975,1
1583438700,985,10
1583444100,975,120
1583447700,983,161
1583449500,988,402
1583451600,992,241
1583452200,976,30
1583455200,975,14
1583457000,982,23
1583458800,995,9
1583466000,976,96
1583467800,975,106
1583473500,962,1
1583481000,973,10
1583482800,953,12
1583484600,855,42
1583490300,949,52
1583492100,958,112
1583493900,959,110
1583495700,910,40
1583499300,957,2
1583503200,899,14
1583508600,895,30
1583512200,899,22
1583516100,913,21
1583517900,914,20
1583519700,913,10
1583523300,900,40
1583526900,897,136
1583528700,953,45
1583530500,928,61
1583532300,943,121
1583534100,959,101
1583535900,936,2
1583537700,914,1
1583539500,957,10
1583544900,914,6
1583551500,959,1
1583564400,961,1
1583564700,959,31
1583565300,961,1
1583580600,960,42
1583580900,961,1
1583581800,960,42
1583586000,959,220
1583591700,958,258
1583592000,955,58
1583595300,954,240
1583598600,950,50
1583600400,949,60
1583604000,950,10
1583604300,949,10
1583604600,950,10
1583607600,942,150
1583607900,950,110
1583608200,942,150
1583609400,927,50
1583613300,936,70
1583615700,945,40
1583616600,950,30
1583616900,933,10
1583619300,930,20
1583619600,927,10
1583622300,933,201
1583629500,949,180
1583637000,948,20
1583646000,947,40
1583666700,946,200
1583675700,947,121
1583682900,948,40
1583685000,949,80
1583686500,950,111
1583699100,954,54
1583713800,957,101
1583715600,958,201
1583717400,960,126
1583721000,965,170
1583722800,970,101
1583739300,980,5
1583759700,944,101
1583767200,980,100
1583778000,984,37
1583779800,985,56
1583787300,984,80
1583792700,990,1
1583799900,995,2
1583804700,960,310
1583805900,959,300
1583808000,1000,130
1583832300,965,20
1583835900,983,19
1583837700,1025,26
1583841600,1013,100
1583847000,1014,21
1583850600,1050,20
1583877900,1040,161
1583879700,1025,61
1583890800,1049,100
1583892900,1048,104
1583896800,1049,50
1583911200,1019,165
1583914800,1048,106
1583916900,1040,135
1583918700,1039,130
1583928000,1000,40
1583935200,1011,210
1583938800,1009,101
1583953500,1008,121
1583955300,1006,41
1583957100,1001,120
1583958900,1000,100
1583975100,992,10
1583978700,998,20
1583998500,997,11
1584006300,999,20
1584018000,1020,10
1584021600,973,50
1584025200,949,200
1584027000,959,261
1584028800,972,211
1584030600,951,162
1584032400,800,12
1584036000,771,87
1584038100,757,57
1584041700,927,1
1584045300,935,170
1584047100,948,90
1584048900,973,1200
1584050700,975,1140
1584056100,974,21
1584059700,972,100
1584063300,971,110
1584076200,975,40
1584078000,974,47
1584079800,973,18
1584081600,975,211
1584098100,950,76
1584102000,940,1
1584105600,881,50
1584111300,757,10
1584114900,977,190
1584118500,874,17
1584120600,916,114
1584122400,935,125
1584124200,974,39
1584126000,978,65
1584127800,980,52
1584135000,953,80
1584136800,798,14
1584138900,910,31
1584142500,888,55
1584144300,886,51
1584146100,900,30
1584147900,870,80
1584149700,853,50
1584151500,899,110
1584153300,906,130
1584155100,943,240
1584158700,925,26
1584177000,942,160
1584180600,941,70
1584191700,940,134
1584193500,939,214
1584199200,930,10
1584201000,935,6
1584204600,929,50
1584206400,931,81
1584208200,936,51
1584213900,951,61
1584217500,949,30
1584222900,948,4
1584230100,950,5
1584235500,949,10
1584243000,947,20
1584246600,946,125
1584250200,931,17
1584252000,924,57
1584253800,921,40
1584255600,943,10
1584261000,935,20
1584264600,934,1
1584270300,949,1
1584279300,948,311
1584283200,949,10
1584290400,945,302
1584292500,939,102
1584297900,950,30
1584303300,953,34
1584305100,956,65
1584306900,959,32
1584309000,958,71
1584312600,957,132
1584314400,955,152
1584316200,950,41
1584319800,955,30
1584321900,953,44
1584323700,949,11
1584325500,950,10
1584338400,946,8
1584340200,948,658
1584342000,949,690
1584353100,925,10
1584356700,910,20
1584360600,925,49
1584366000,914,1
1584387900,925,101
1584393300,930,261
1584395100,932,407
1584396900,934,146
1584398700,940,30
1584402300,936,181
1584404100,933,105
1584405900,936,10
1584407700,939,6
1584413100,933,16
1584414900,935,26
1584416700,939,11
1584420300,937,10
1584425700,935,164
1584427500,933,64
1584429600,937,100
1584435000,938,250
1584442500,937,1000
1584446100,936,510
1584451800,937,320
1584457200,936,201
1584460800,937,11
1584462600,936,16
1584475500,917,50
1584479100,919,123
1584482700,920,100
1584484500,902,98
1584488100,903,771
1584489900,904,674
1584491700,935,1
1584493500,934,6
1584502500,935,50
1584506400,934,86
1584524700,939,1
1584526800,944,2
1584528600,957,50
1584530400,956,150
1584555900,887,145
1584557700,855,143
1584559500,912,101
1584561300,670,30
1584563100,677,40
1584564900,901,232
1584566700,911,242
1584570300,899,15
1584572100,896,304
1584573900,897,300
1584575700,956,50
1584583200,933,4
1584585000,911,2
1584586800,872,31
1584588600,882,130
1584590400,887,101
1584592200,935,57
1584594000,931,150
1584595800,929,94
1584599700,955,100
1584606900,880,20
1584614400,953,100
1584623700,856,20
1584627300,951,1060
1584629100,953,1060
1584630900,957,20
1584632700,950,50
1584634500,942,170
1584636300,940,121
1584638100,950,1
1584640200,948,600
1584642000,947,618
1584645600,946,76
1584649200,901,1
1584652800,947,1030
1584656400,945,105
1584658200,941,135
1584662100,944,50
1584665700,939,190
1584669300,944,27
1584671100,938,166
1584672900,921,256
1584675000,901,111
1584676800,944,2
1584696600,943,214
1584698700,899,4
1584702300,943,20
1584705900,940,101
1584707700,735,1
1584709500,850,92
1584711300,852,142
1584713100,856,50
1584714900,940,72
1584718800,939,157
1584720600,935,100
1584727800,900,106
1584729600,902,113
1584731400,930,8
1584736800,928,1
1584756900,927,12
1584760500,928,11
1584762600,925,12
1584764400,857,111
1584766200,923,136
1584768000,924,125
1584777300,919,20
1584783000,918,231
1584784800,912,32
1584786600,919,2
1584790200,881,101
1584793800,910,20
1584799500,899,100
1584803100,910,1
1584804900,885,11
1584808500,891,70
1584810300,893,190
1584812100,895,140
1584815700,854,221
1584817500,855,222
1584819300,919,1
1584821100,849,100
1584828300,895,100
1584831900,896,80
1584835800,910,11
1584844800,920,50
1584846600,908,150
1584848400,906,146
1584850200,914,46
1584852300,915,20
1584863100,912,98
1584864900,909,48
1584870600,904,1
1584874200,905,10
1584883500,908,34
1584885300,909,81
1584887100,908,165
1584892500,913,40
1584896100,912,161
1584901500,909,10
1584908700,908,32
1584914400,905,24
1584916200,909,40
1584918000,906,302
1584921600,904,300
1584923400,906,610
1584925200,909,352
1584929100,906,121
1584930900,907,242
1584932700,908,132
1584936300,899,121
1584950700,950,1800
1584952500,949,1820
1584956100,922,20
1584958200,940,91
1584960000,948,61
1584982200,947,107
1584985800,930,2
1584989400,929,141
1584991200,925,164
1584993000,924,124
1584994800,930,100
1585013100,929,69
1585016700,930,25
1585026600,923,25
1585028400,926,105
1585030200,928,100
1585032000,918,120
1585034100,919,140
1585035900,923,40
1585037700,922,20
1585041300,925,30
1585047000,920,315
1585050600,929,30
1585054200,910,402
1585056000,909,510
1585058100,910,114
1585063500,875,353
1585065300,884,452
1585067400,915,105
1585074600,917,210
1585076400,920,200
1585078200,919,501
1585081800,920,59
1585085400,915,620
1585087200,911,371
1585089000,919,62
1585090800,920,71
1585096200,916,161
1585098300,918,301
1585100100,920,140
1585103700,919,71
1585107300,920,150
1585125300,909,3001
1585128900,908,904
1585136400,891,141
1585138200,885,112
1585141800,906,20
1585145700,903,10
1585155000,902,125
1585156800,900,70
1585162200,902,131
1585164000,903,50
1585171200,902,311
1585178700,903,30
1585185900,902,270
1585194900,901,130
1585196700,900,105
1585211400,920,100
1585213200,919,220
1585217100,920,108
1585246800,750,175
1585249200,747,185
1585251000,700,10
1585254600,917,42
1585256400,895,342
1585258200,896,338
1585260000,928,38
1585267200,926,20
1585274700,911,60
1585276500,896,180
1585278300,891,180
1585281900,927,65
1585285500,905,156
1585287300,893,100
1585290900,928,1
1585294800,925,20
1585300200,924,21
1585305900,910,50
1585308000,908,10
1585311600,893,37
1585315200,908,21
1585317300,899,52
1585319100,893,61
1585320900,891,130
1585322700,892,180
1585324500,895,81
1585326300,891,41
1585328100,892,181
1585341000,915,2
1585342800,919,52
1585348200,915,120
1585350000,898,28
1585352100,909,58
1585353900,908,61
1585357500,904,890
1585359300,902,1352
1585361100,901,534
1585362900,919,52
1585364700,914,34
1585366500,916,54
1585368300,919,41
1585370100,918,171
1585377600,916,21
1585379400,915,21
1585381200,912,10
1585383300,910,30
1585385100,909,20
1585394400,910,10
1585398000,903,13
1585399800,901,10
1585403400,908,152
1585405200,909,150
1585407000,902,12
1585410900,879,42
1585412700,876,36
1585414500,904,212
1585419900,906,110
1585421700,895,261
1585423500,890,181
1585425300,906,42
1585427100,905,144
1585428900,904,133
1585432500,846,5932
1585434300,847,6112
1585436100,894,1461
1585440000,895,76
1585445400,885,50
1585449000,886,18
1585450800,891,20
1585452600,892,125
1585456200,864,70
1585458000,877,130
1585459800,863,260
1585461600,862,250
1585463400,892,70
1585465200,860,125
1585467000,853,105
1585469100,894,100
1585474500,891,17
1585476300,883,37
1585478100,877,22
1585501800,888,101
1585510800,887,152
1585514400,882,100
1585518000,876,230
1585521600,875,950
1585530900,874,101
1585538100,747,56
1585540200,704,166
1585542000,694,117
1585543800,874,2
1585547400,820,70
1585549200,856,210
1585551000,875,140
1585556700,869,121
1585560300,852,2
1585562100,858,151
1585563900,859,150
1585571400,850,80
1585575300,793,100
1585578900,787,2
1585584600,857,40
1585588200,858,1
1585590000,852,32
1585593600,859,122
1585602600,824,120
1585604400,782,870
1585606500,778,780
1585608300,850,165
1585611900,853,160
1585617300,855,1
1585623000,854,142
1585626600,836,33
1585630200,853,179
1585634100,854,384
1585637700,849,50
1585643400,818,50
1585647000,837,120
1585649100,841,150
1585650900,858,135
1585652700,859,115
1585654500,861,10
1585658100,848,52
1585659900,855,141
1585661700,860,100
1585663500,863,2
1585678200,861,30
1585681800,862,257
1585683600,863,361
1585687200,861,4
1585691100,858,95
1585694700,857,17
1585696500,862,102
1585698300,863,251
1585703700,866,194
1585705500,877,51
1585707600,863,50
1585709400,870,92
1585711200,879,53
1585713000,880,121
1585724100,900,51
1585729800,950,1
1585733400,889,52
1585737000,950,100
1585742400,960,21
1585746300,959,101
1585748100,887,22
1585749900,947,121
1585751700,960,100
1585755300,911,21
1585757100,949,150
1585758900,956,130
1585764600,955,1
1585768200,953,32
1585771800,913,110
1585777200,908,1203
1585779000,906,608
1585780800,932,159
1585782900,923,174
1585784700,921,201
1585788300,845,200
1585791900,944,134
1585795500,918,79
1585799100,944,121
1585803000,884,101
1585804800,903,150
1585806600,943,100
1585808400,944,134
1585810200,945,164
1585812000,950,231
1585828500,952,41
1585830300,953,30
1585833900,952,100
1585848600,951,300
1585850400,950,192
1585855800,932,3231
1585857600,902,2042
1585861200,950,521
1585865100,941,92
1585866900,932,63
1585868700,933,21
1585870500,932,91
1585872300,933,1292
1585875900,946,237
1585877700,948,208
1585879500,935,104
1585881300,939,203
1585883400,945,121
1585885200,948,22
1585890600,943,10
1585896000,948,48
1585898100,943,248
1585901700,944,128
1585907400,945,50
1585909200,953,10
1585914900,943,30
1585918800,942,40
1585926000,941,100
1585933200,939,32
1585935000,935,130
1585940700,937,31
1585944300,939,72
1585947900,938,112
1585953300,939,48
1585955100,942,49
1585975200,940,121
1585979100,916,32
1585980900,934,161
1585982700,939,1340
1585986300,941,10
1585990200,936,660
1585992000,935,694
1585993800,934,80
1585995600,937,50
1585997400,935,1
1585999200,929,47
1586002800,936,21
1586008200,929,30
1586013600,928,83
1586015400,920,12
1586017500,917,50
1586021100,916,1
1586022900,912,42
1586024700,911,109
1586026800,909,137
1586030100,902,31
1586031900,904,51
1586033700,907,62
1586035500,904,74
1586039100,909,238
1586042700,910,170
1586044500,914,76
1586046300,904,38
1586048100,883,202
1586051700,909,202
1586053500,910,221
1586055300,916,21
1586064300,925,720
1586068200,921,30
1586070000,925,1029
1586071800,924,1074
1586075400,922,130
1586082600,921,6200
1586086200,922,1200
1586089800,921,1592
1586095500,919,20
1586099100,908,40
1586109900,909,290
1586111700,899,53
1586113500,906,173
1586115300,911,191
1586117100,919,41
1586118900,916,50
1586120700,917,131
1586122500,918,302
1586129700,917,231
1586133600,918,123
1586135400,914,175
1586137200,908,81
1586153400,907,101
1586160600,908,230
1586166000,907,106
1586181000,906,62
1586186400,898,20
1586188200,902,56
1586190000,905,147
1586193600,906,21
1586195400,900,65
1586197200,907,694
1586200800,919,21
1586202900,912,32
1586204700,899,11
1586206500,919,10
1586208300,906,101
1586210100,910,190
1586211900,915,151
1586213700,918,112
1586215500,920,60
1586217300,910,200
1586220900,909,1
1586224500,906,130
1586232000,910,472
1586235600,898,111
1586239200,907,2500
1586242800,910,250
1586246400,898,26
1586250300,908,1882
1586252100,916,1181
1586253900,917,510
1586262900,916,200
1586272200,918,29
1586274000,919,170
1586275800,918,153
1586277600,916,13
1586279400,918,11
1586284800,909,24
1586286600,889,7
1586288400,908,200
1586290200,903,335
1586292000,896,135
1586293800,916,102
1586297700,917,50
1586299500,915,65
1586301300,907,74
1586303100,915,289
1586304900,913,280
1586306700,898,59
1586308500,918,159
1586322000,915,11
1586322300,918,10
1586323500,917,27
1586327100,919,30
1586332500,905,300
1586334300,908,370
1586336100,919,106
1586337900,904,6
1586339700,1167,11
1586341500,1164,12
1586343300,1161,2
1586345100,1195,1
1586346900,1165,1
1586348700,1130,125
1586352300,1086,1
1586354100,1082,20
1586358600,1084,106
1586364000,1044,56
1586365800,1040,50
1586367600,1039,200
1586369400,1038,450
1586371200,1037,310
1586382300,998,10
1586384100,990,260
1586385900,989,451
1586389500,941,208
1586391300,922,189
1586394900,904,41
1586396700,944,152
1586398500,970,242
1586400300,979,146
1586402100,976,166
1586405700,965,20
1586409300,919,23
1586411100,927,33
1586412900,929,60
1586414700,934,80
1586416500,948,30
1586420100,933,200
1586424000,934,126
1586425800,932,2
1586427600,938,260
1586433000,942,1800
1586434800,941,1802
1586436600,937,121
1586438700,928,219
1586440500,919,100
1586444100,918,142
1586454900,914,61
1586456700,908,20
1586458500,917,135
1586462100,918,90
1586463900,919,220
1586465700,920,130
1586467500,917,510
1586469300,916,610
1586471100,915,610
1586474700,914,11
1586478300,915,90
1586487600,911,150
1586491200,914,69
1586493000,912,41
1586496300,915,7
1586504700,916,428
1586506500,917,121
1586512200,915,1039
1586521200,916,50
1586523000,915,141
1586530200,914,90
1586535600,913,1
1586543100,908,233
1586544900,909,304
1586546700,906,171
1586548500,915,20
1586550300,914,22
1586552100,902,173
1586553900,906,231
1586555700,917,105
1586559300,916,224
1586562900,914,240
1586564700,913,150
1586568300,908,100
1586570100,906,130
1586571900,911,580
1586575500,901,14
1586577300,913,21
1586579100,914,121
1586586300,910,392
1586588100,908,814
1586589900,907,522
1586591700,910,50
1586595300,912,100
1586597100,910,216
1586600700,909,10
1586606100,903,4
1586607900,907,13
1586609700,909,10
1586613300,908,60
1586622300,903,41
1586624100,902,31
1586625900,905,61
1586627700,904,131
1586629500,903,100
1586637000,902,71
1586638800,900,425
1586640600,899,472
1586642400,898,380
1586646000,899,38
1586647800,897,147
1586651400,898,56
1586653200,899,41
1586655000,897,52
1586656800,896,57
1586658600,890,5
1586660400,899,2
1586675100,870,1000
1586676900,873,1110
1586678700,902,300
1586686200,906,1300
1586691600,905,255
1586693400,907,300
1586695200,908,641
1586697000,909,411
1586698800,917,78
1586702400,916,60
1586709900,914,174
1586718900,915,51
1586729700,914,170
1586731500,913,161
1586733300,903,132
1586735100,899,531
1586736900,898,580
1586738700,896,252
1586740500,897,57
1586742300,905,117
1586744100,877,2187
1586748000,910,250
1586749800,911,302
1586751000,908,82
1586752200,877,1415
1586754000,876,2096
1586757900,878,217
1586759700,876,1
1586761500,900,10
1586763300,902,120
1586766900,907,21
1586768700,913,111
1586770500,914,110
1586772300,898,139
1586774100,899,181
1586777700,891,21
1586779500,914,40
1586781300,913,319
1586783100,912,279
1586785200,913,40
1586794200,912,85
1586797800,911,130
1586799600,905,154
1586801400,889,731
1586803200,885,1127
1586805000,882,605
1586806800,877,1383
1586808600,876,2679
1586810400,883,2536
1586812200,894,1084
1586814000,895,12
1586817600,878,782
1586821200,896,76
1586823000,900,135
1586824800,901,2221
1586828400,902,168
1586830200,901,121
1586837700,899,130
1586843100,898,63
1586846700,899,100
1586848500,897,181
1586852400,898,10
1586856000,897,100
1586857800,891,631
1586861400,897,61
1586868900,899,30
1586870700,892,140
1586872500,891,260
1586874300,890,310
1586885100,889,61
1586886900,888,80
1586888700,887,80
1586892300,881,32
1586894100,812,318
1586895900,837,469
1586897700,887,242
1586899500,888,186
1586906700,882,74
1586908500,880,73
1586910300,848,7
1586912100,876,274
1586913900,878,305
1586915700,882,62
1586917500,876,29
1586921100,884,56
1586922900,861,160
1586924700,870,250
1586926800,887,230
1586928600,888,100
1586930400,887,101
1586932200,886,1101
1586937600,890,30
1586939400,895,70
1586941200,899,70
1586946600,900,54
1586948400,905,32
1586950200,915,262
1586953800,917,32
1586959200,916,310
1586966700,917,353
1586968500,916,653
1586970300,914,331
1586975700,907,68
1586977500,909,329
1586979300,910,362
1586981100,906,546
1586984700,909,185
1586988300,908,104
1586994000,905,34
1586995800,903,128
1586997600,904,117
1586999400,908,31
1587003300,909,144
1587012300,906,371
1587014100,905,251
1587016500,908,40
1587021900,910,27
1587033000,911,40
1587034800,917,10
1587038400,914,13
1587040200,907,18
1587042300,914,158
1587044100,910,333
1587047700,916,200
1587060300,917,63
1587069300,902,141
1587071100,901,131
1587072900,918,33
1587085800,917,77
1587093000,916,50
1587094800,919,10
1587096600,925,20
1587098400,935,140
1587100500,937,120
1587104100,917,56
1587105900,936,1235
1587107700,937,1830
1587109500,944,1330
1587111300,950,700
1587113100,998,630
1587114900,986,730
1587116700,917,101
1587123900,901,30
1587127800,937,112
1587129600,913,312
1587131400,909,220
1587133200,938,60
1587135000,947,70
1587136800,976,56
1587138600,951,27
1587140400,972,61
1587142200,978,345
1587144000,990,727
1587145800,998,492
1587149400,997,8
1587153000,984,80
1587154800,974,220
1587156600,986,380
1587158400,993,311
1587160200,985,721
1587162300,984,310
1587167700,985,20
1587176700,957,50
1587178500,964,93
1587180300,963,176
1587182100,960,133
1587183900,959,33
1587185700,958,133
1587189300,937,350
1587191100,921,200
1587192900,959,1000
1587196500,964,1
1587198300,921,30
1587202200,965,100
1587209400,964,22
1587211200,925,159
1587213000,921,145
1587214800,964,157
1587222000,958,240
1587224100,959,285
1587225900,954,355
1587227700,951,220
1587231300,950,147
1587233100,925,1189
1587234900,923,1168
1587236700,921,26
1587238500,951,226
1587242100,934,255
1587243900,929,198
1587245700,949,3
1587247500,932,60
1587249300,937,161
1587251100,941,182
1587252900,946,112
1587254700,960,61
1587265500,963,75
1587267600,962,105
1587271200,959,1
1587274800,960,21
1587276600,961,1
1587278400,963,25
1587285600,960,50
1587296400,958,101
1587302100,924,100
1587305700,913,100
1587309300,920,140
1587312900,921,55
1587314700,893,223
1587316500,890,201
1587318300,928,200
1587323700,925,223
1587325500,927,214
1587327300,928,101
1587330900,902,361
1587332700,889,243
1587334500,923,34
1587336300,903,4
1587338100,899,93
1587339900,904,232
1587341700,901,292
1587343800,899,178
1587345600,897,68
1587347400,888,52
1587349200,919,32
1587352800,916,47
1587356400,915,100
1587360000,914,170
1587363600,910,81
1587367500,911,21
1587369300,914,20
1587371100,913,33
1587382200,908,121
1587384000,909,208
1587385800,912,87
1587402000,911,95
1587403800,901,123
1587405600,899,178
1587407700,902,201
1587409500,901,153
1587413100,900,160
1587416700,898,460
1587418500,897,360
1587420300,901,113
1587422100,900,133
1587423900,901,240
1587425700,902,230
1587427500,917,30
1587429300,919,20
1587431100,918,45
1587434700,902,30
1587438300,900,130
1587440100,899,130
1587443700,900,37
1587445500,899,27
1587449100,898,9
1587450900,919,309
1587452700,920,300
1587454800,927,250
1587456600,924,130
1587458400,928,115
1587463800,927,20
1587467400,926,1160
1587471300,927,1040
1587473100,926,1200
1587474900,911,130
1587476700,902,381
1587486000,918,30
1587487800,925,131
1587491400,926,35
1587493200,925,60
1587502200,916,221
1587504000,918,321
1587505800,924,142
1587507600,925,81
1587509400,926,581
1587513000,925,370
1587518400,927,20
1587528000,928,211
1587529800,927,300
1587543000,926,111
1587544800,925,108
1587548700,924,314
1587552300,923,50
1587557700,926,12
1587561300,917,92
1587563400,913,162
1587565200,915,116
1587567000,924,24
1587568800,925,22
1587585000,924,231
1587586800,920,431
1587588600,917,200
1587592500,908,131
1587596100,909,20
1587603300,910,181
1587605100,912,70
1587606900,917,24
1587608700,913,14
1587610500,923,10
1587614400,915,166
1587616200,911,90
1587618000,902,111
1587627300,916,95
1587629100,917,155
1587630900,920,60
1587636600,921,112
1587638400,922,102
1587642300,914,1120
1587644100,899,450
1587647700,910,100
1587649500,917,30
1587651300,918,40
1587653400,920,216
1587655200,918,237
1587657000,914,51
1587658800,920,151
1587660600,913,331
1587662400,909,210
1587664200,919,10
1587666000,917,100
1587667800,918,130
1587669600,919,281
1587673200,918,30
1587675000,914,40
1587676800,905,60
1587678600,908,65
1587680400,918,75
1587682500,914,871
1587686100,911,40
1587687900,917,143
1587693300,916,212
1587695100,917,471
1587698700,918,239
1587702300,917,210
1587708000,912,150
1587709800,914,201
1587711600,917,201
1587717000,900,20
1587718800,912,57
1587720900,919,537
1587732000,907,116
1587733800,911,166
1587735600,921,151
1587739200,906,40
1587741000,916,671
1587744600,917,163
1587746400,915,178
1587748200,906,130
1587750000,913,153
1587751800,918,112
1587753600,920,32
1587775500,906,68
1587777300,897,40
1587779100,919,302
1587780900,915,372
1587783000,904,90
1587784800,918,115
1587788400,917,140
1587790200,918,140
1587795600,930,100
1587797400,936,300
1587799200,940,220
1587801300,942,20
1587804900,945,2030
1587817800,908,75
1587828900,917,150
1587830700,938,1401
1587832500,940,1550
1587836100,939,230
1587843300,934,71
1587845100,932,101
1587846900,926,198
1587848700,927,201
1587850500,936,153
1587854100,934,252
1587855900,933,563
1587857700,932,312
1587859800,929,100
1587863400,927,250
1587867000,928,370
1587870600,929,32
1587879900,918,110
1587883500,921,255
1587885300,925,114
1587887100,920,47
1587888900,915,83
1587898200,909,414
1587900300,905,214
1587902100,884,134
1587903900,893,494
1587905700,903,511
1587907500,913,211
1587909300,900,60
1587911100,845,201
1587912900,833,251
1587914700,819,258
1587916500,827,208
1587918300,750,270
1587920100,822,502
1587921900,875,305
1587923700,832,123
1587925500,919,651
1587927300,917,641
1587929400,900,70
1587931200,917,2030
1587933000,918,2301
1587934800,919,327
1587936600,883,182
1587938400,879,161
1587942000,919,131
1587943800,918,241
1587945600,917,140
1587947400,916,130
1587949200,903,141
1587951000,865,57
1587952800,870,36
1587954600,891,20
1587956400,874,28
1587958500,887,160
1587960300,886,172
1587962100,874,41
1587967500,850,61
1587969600,859,102
1587971400,873,81
1587975000,868,12
1587976800,848,2
1587978600,872,530
1587980400,871,660
1587982500,869,430
1587986100,872,60
1587987900,873,41
1587989700,874,11
1587993300,873,112
1587995100,868,134
1587996900,863,172
1587998700,866,151
1588000500,873,115
1588002300,868,244
1588004100,865,140
1588005900,872,1
1588016700,876,660
1588018500,891,296
1588020300,889,385
1588026000,848,150
1588029600,858,315
1588031400,870,155
1588035000,869,391
1588036800,852,326
1588040400,858,70
1588042200,848,90
1588044000,859,105
1588045800,856,115
1588047600,863,260
1588049400,864,225
1588051200,852,86
1588053300,862,73
1588055100,863,32
1588056900,843,70
1588058700,836,50
1588060500,840,122
1588064100,848,5
1588071600,825,3
1588077000,827,110
1588080600,848,51
1588086000,836,90
1588087800,844,825
1588089900,846,770
1588093500,827,331
1588095300,812,201
1588097100,824,50
1588098900,832,30
1588100700,844,120
1588106100,843,42
1588107900,814,241
1588109700,812,270
1588111500,811,73
1588125900,772,10
1588127700,807,170
1588129800,809,170
1588131600,800,31
1588137000,811,101
1588142400,800,320
1588146000,810,10
1588155300,809,20
1588162800,808,12
1588170000,809,190
1588173600,808,25
1588175400,810,146
1588177200,811,156
1588179000,812,341
1588188000,811,4
1588195500,812,201
1588202700,813,250
1588204500,814,170
1588206300,830,39
1588208100,848,219
1588248000,845,5
1588253400,844,20
1588259100,843,30
1588275300,842,1121
1588278900,840,30
1588280700,843,130
1588282500,840,250
1588284300,837,150
1588286100,843,560
1588289700,844,620
1588293300,842,601
1588298700,844,139
1588300500,845,236
1588304100,848,11
1588315200,849,10
1588326000,844,30
1588335300,842,100
1588337100,843,171
1588338900,846,181
1588340700,847,110
1588342500,825,30
1588344300,828,36
1588346100,848,106
1588347900,837,190
1588349700,831,210
1588351500,837,120
1588353300,825,100
1588358700,829,100
1588360500,831,252
1588362300,843,812
1588364100,847,680
1588369800,846,10
1588371600,830,68
1588375200,834,805
1588377000,836,655
1588378800,837,60
1588380600,830,30
1588382400,846,11
1588386000,848,1
1588391400,837,40
1588393200,841,83
1588395000,846,45
1588406100,825,9
1588409700,826,25
1588411500,869,205
1588413300,870,200
1588420500,868,21
1588422300,871,106
1588428000,899,30
1588431600,890,225
1588433400,887,175
1588435200,897,45
1588437000,896,144
1588440600,863,993
1588442400,853,2398
1588444200,851,4911
1588446000,852,3383
1588448100,893,85
1588449900,876,14
1588451700,886,60
1588453500,889,441
1588466100,888,1
1588467900,886,4
1588469700,862,223
1588471800,864,240
1588473600,884,42
1588477200,851,316
1588479000,838,5042
1588480800,836,5644
1588484400,837,679
1588488300,849,600
1588490100,848,630
1588491900,872,150
1588493700,878,120
1588497300,877,101
1588500900,876,10
1588508400,875,30
1588510200,874,31
1588512300,834,22
1588514100,816,181
1588515900,820,192
1588517700,833,162
1588519500,835,182
1588521300,853,53
1588523100,841,15
1588524900,830,25
1588526700,845,40
1588528500,830,52
1588530300,823,172
1588532100,835,240
1588533900,842,141
1588535700,825,41
1588537500,820,12
1588539300,837,28
1588541100,839,27
1588542900,824,12
1588544700,816,121
1588546500,817,170
1588548300,825,62
1588550400,820,62
1588552200,814,50
1588554000,849,40
1588555800,848,167
1588559400,846,140
1588561200,827,61
1588563000,817,41
1588564800,824,1110
1588566600,821,7404
1588570200,849,100
1588581300,834,101
1588587000,814,1
1588590900,824,6
1588592700,805,6300
1588601700,843,20
1588603500,839,30
1588605300,841,217
1588607100,842,210
1588608900,805,1754
1588612500,804,364
1588614300,811,961
1588617900,818,4168
1588619700,831,1931
1588621500,813,1459
1588623300,808,2134
1588625100,812,996
1588626900,839,201
1588628700,813,684
1588630500,812,699
1588632300,833,101
1588634400,837,130
1588647300,836,29
1588649100,837,160
1588658400,836,324
1588660200,835,14
1588665900,829,40
1588686000,827,101
1588691400,826,105
1588695000,827,151
1588697100,826,150
1588700700,828,16
1588702500,829,140
1588715100,837,10
1588727700,828,15
1588731600,813,20
1588735200,837,48
1588744200,836,82
1588746000,824,5
1588747800,837,200
1588749900,836,220
1588755300,835,200
1588757100,834,410
1588772100,832,50
1588777500,829,255
1588782900,830,200
1588791900,825,36
1588793700,828,234
1588795500,829,202
1588804500,818,70
1588806300,820,85
1588808100,818,66
1588809900,816,51
1588811700,819,20
1588813500,833,91
1588815300,837,71
1588822800,834,112
1588824600,814,412
1588831800,853,10
1588837200,843,28
1588839000,850,109
1588840800,853,101
1588846200,842,167
1588848000,826,64
1588850100,853,1
1588853700,816,1915
1588857300,823,100
1588859100,822,2317
1588868100,821,3407
1588869900,820,1030
1588875300,821,650
1588884300,852,331
1588886400,854,333
1588888200,864,48
1588890000,848,46
1588891800,861,430
1588893600,863,430
1588895400,860,21
1588897200,871,1
1588899000,900,70
1588900800,899,330
1588902600,885,472
1588904400,877,303
1588906200,874,320
1588908000,891,959
1588909800,897,802
1588911600,882,73
1588913400,872,2645
1588915200,876,3089
1588917000,919,495
1588918800,1049,51
1588920900,1050,106
1588922700,1049,146
1588924500,951,2040
1588926300,950,2019
1588935300,1044,215
1588937100,1025,383
1588939200,1005,188
1588941000,1025,37
1588942800,1000,17
1588944600,1048,100
1588946400,980,797
1588948200,970,962
1588950000,971,276
1588951800,1004,11
1588953600,988,263
1588955400,995,373
1588957200,1014,116
1588959000,1030,7
1588960800,1028,31
1588962600,1006,140
1588964400,999,120
1588966200,992,110
1588969800,977,1000
1588971600,956,1290
1588973400,866,3270
1588975200,865,2982
1588977000,977,40
1588978800,915,256
1588980900,908,227
1588982700,971,61
1588984500,977,81
1588986300,989,42
1588988100,946,2678
1588991700,996,25
1588993500,1094,530
1588995300,1096,4520
1588998900,1093,760
1589000700,1006,3112
1589002500,1000,3556
1589004600,1116,1295
1589006400,1121,2754
1589010000,1199,873
1589019000,955,972
1589020800,919,5567
1589022600,912,4605
1589024400,998,10
1589030100,997,140
1589031900,954,600
1589033700,946,500
1589035500,901,20
1589040900,971,40
1589042700,934,4795
1589046300,924,1589
1589055300,995,27
1589059200,984,80
1589061000,960,7795
1589064000,958,36
1589067600,960,40
1589069400,991,501
1589071200,993,571
1589073000,914,1038
1589074800,904,2235
1589081100,942,271
1589082900,965,170
1589086500,984,17
1589091900,983,30
1589095500,946,3067
1589099100,980,11
1589100900,953,473
1589103000,950,5204
1589106600,949,64
1589112000,946,40
1589115600,945,1
1589119200,920,130
1589122800,842,30
1589124600,751,228
1589126400,758,298
1589128500,841,170
1589130300,857,270
1589132100,842,200
1589133900,874,3
1589135700,870,61
1589139300,869,11
1589141100,857,232
1589142900,880,451
1589144700,906,110
1589146500,900,130
1589148300,866,20
1589150100,906,55
1589153700,911,1
1589160900,910,50
1589162700,903,150
1589164500,901,130
1589166600,907,10
1589168400,866,51
1589170200,856,4133
1589173800,864,301
1589175600,900,67
1589177400,907,727
1589179200,908,700
1589181000,851,31
1589184600,900,300
1589186400,893,407
1589188200,875,107
1589190000,900,60
1589202900,898,105
1589204700,866,20
1589210100,897,120
1589213700,866,2040
1589217300,897,42
1589219100,896,182
1589220900,890,352
1589222700,880,285
1589224500,864,1635
1589228400,861,160
1589230200,864,60
1589232000,895,31
1589233800,886,57
1589235600,877,108
1589241000,876,94
1589242800,875,51
1589244600,874,21
1589257200,859,502
1589260800,862,62
1589264400,843,295
1589266200,836,2187
1589268000,835,1892
1589271600,876,6
1589273400,870,7
1589275200,834,1
1589277000,845,2
1589282400,876,50
1589284200,838,476
1589286000,834,7307
1589293500,864,404
1589295300,837,2370
1589297100,826,7377
1589298900,824,5411
1589302500,853,50
1589306100,861,50
1589307900,867,163
1589309700,869,323
1589311500,860,427
1589313300,848,4757
1589316900,845,55
1589318700,826,234
1589320500,827,294
1589322300,840,194
1589324100,845,101
1589325900,849,201
1589327700,850,200
1589329500,853,80
1589331300,837,286
1589333100,827,5319
1589336700,829,610
1589340600,828,4076
1589342400,849,27
1589344200,862,27
1589349600,858,50
1589351400,856,30
1589353200,862,92
1589358600,840,108
1589360700,839,105
1589366100,838,1
1589371500,837,1
1589378700,859,221
1589382300,826,27
1589384400,842,487
1589386200,849,1730
1589388000,837,3019
1589389800,830,159
1589391600,858,110
1589397000,855,150
1589399100,853,160
1589400900,855,118
1589402700,858,13
1589404500,845,125
1589406300,804,4493
1589408100,803,5954
1589413500,844,1
1589417100,845,20
1589418900,857,120
1589422500,855,236
1589426100,851,2690
1589427900,831,4920
1589431500,838,300
1589436900,847,61
1589438700,849,51
1589440500,856,20
1589451300,846,51
1589453100,850,101
1589454900,854,70
1589457000,853,3650
1589458800,852,3730
1589460600,847,110
1589462400,853,10
1589464200,832,2003
1589469600,842,10
1589471400,832,15
1589475000,852,41
1589476800,849,149
1589480700,836,3770
1589482500,835,3749
1589484300,850,72
1589486100,830,4147
1589489700,819,5245
1589491500,818,8042
1589495100,834,177
1589496900,840,140
1589498700,853,242
1589500500,852,222
1589502300,836,20
1589505900,856,74
1589507700,828,693
1589509800,821,4994
1589511600,822,4713
1589513400,837,551
1589515200,838,314
1589517000,855,61
1589524200,854,1
1589529600,853,230
1589536800,838,2157
1589538900,837,2133
1589540700,852,27
1589544300,850,141
1589546100,836,4085
1589547900,835,4144
1589549700,845,250
1589551500,847,213
1589553300,836,6531
1589558700,828,60
1589564100,800,200
1589565900,791,250
1589567700,763,81
1589569500,803,62
1589571300,818,51
1589573100,794,20
1589576700,756,4012
1589580300,773,217
1589582100,770,1365
1589585700,794,71
1589591400,851,115
1589593200,848,229
1589595000,815,366
1589596800,802,259
1589598600,852,29
1589600400,851,3825
1589602200,848,4078
1589604000,809,6121
1589607600,808,3994
1589609400,818,1471
1589611200,839,483
1589613000,898,1202
1589614800,899,1201
1589618400,963,50
1589620200,1071,250
1589622000,1099,320
1589631000,1095,30
1589634600,999,10
1589645400,886,41
1589647200,854,34
1589649000,899,303
1589663700,858,301
1589667300,859,70
1589670900,805,2058
1589672700,806,3114
1589674500,807,6486
1589676300,808,7225
1589678100,811,1795
1589679900,868,7
1589687100,861,21
1589690700,807,608
1589692500,808,3817
1589694300,809,3230
1589696100,869,21
1589698200,865,362
1589700000,864,371
1589701800,859,21
1589703600,868,211
1589705400,861,240
1589707200,828,40
1589716500,854,56
1589718300,847,167
1589720100,844,111
1589729100,848,83
1589730900,847,203
1589732700,846,120
1589738100,823,1
1589739900,805,230
1589741700,802,250
1589743500,776,21
1589745300,843,6
1589747100,810,6276
1589748900,812,6501
1589750700,844,820
1589752500,824,1545
1589754300,813,985
1589756100,824,31
1589757900,841,2
1589759700,840,561
1589763300,810,4476
1589765100,809,9050
1589770500,825,1
1589774100,807,54
1589775900,808,3420
1589777700,807,11037
1589781600,847,137
1589787000,840,120
1589790600,271,10
1589794200,739,140
1589799600,777,250
1589801400,782,290
1589803200,733,10039
1589805000,734,10326
1589806800,783,4841
1589808600,784,4715
1589810700,790,863
1589812500,783,5520
1589814300,784,4988
1589816100,800,130
1589821500,782,8201
1589825100,814,13
1589826900,816,23
1589828700,818,163
1589830500,819,241
1589832300,834,252
1589834100,829,308
1589835900,800,741
1589837700,791,1164
1589839500,787,935
1589841300,790,4801
1589844900,814,60
1589850600,815,160
1589854200,839,43
1589857800,840,1
1589861400,828,343
1589863200,819,484
1589865000,820,302
1589872200,800,40
1589875800,840,100
1589877600,846,120
1589879400,881,140
1589888700,880,21
1589890500,848,397
1589892300,847,5548
1589897700,806,58
1589899500,803,6023
1589901300,807,9552
1589903100,815,3962
1589904900,813,376
1589906700,872,1
1589908500,806,1636
1589915700,858,229
1589917500,857,5242
1589919300,840,13897
1589921100,827,10183
1589922900,809,5332
1589926500,808,278
1589928300,817,588
1589931900,808,1459
1589933700,809,1172
1589935800,852,10
1589941200,812,284
1589946600,813,220
1589948400,819,20
1589950200,812,332
1589952000,810,1173
1589953800,812,942
1589955600,835,201
1589957400,839,130
1589959200,854,30
1589961000,839,5160
1589968500,838,40
1589970300,837,20
1589975700,834,1390
1589981100,824,123
1589982900,826,153
1589984700,824,4174
1589988600,817,7086
1589990400,810,9197
1589992200,811,6431
1590001200,817,400
1590006600,820,60
1590008400,810,1047
1590015600,819,65
1590022800,820,204
1590024600,821,357
1590026400,822,237
1590028200,823,80
1590030000,835,200
1590032100,834,360
1590050100,819,4
1590053700,835,1
1590057300,819,40
1590066600,850,1
1590079200,836,403
1590081000,837,443
1590082800,848,80
1590086400,847,22
1590090000,808,16
1590095700,819,20
1590099300,782,2250
1590101100,781,11154
1590102900,782,2941
1590104700,804,361
1590106500,771,526
1590108300,762,396
1590110100,813,130
1590111900,818,110
1590113700,809,96
1590115500,815,216
1590117300,814,164
1590119100,799,187
1590122700,809,50
1590124500,817,350
1590126300,819,340
1590131700,806,4200
1590133500,805,6600
1590135300,803,2401
1590137100,786,39
1590142500,826,31
1590157200,819,100
1590160800,831,200
1590162600,845,110
1590166200,811,110
1590169800,856,50
1590173400,835,581
1590175200,816,5863
1590177000,815,5284
1590178800,832,1
1590180600,815,7
1590182400,818,27
1590184200,820,20
1590187800,811,40
1590198900,858,1
1590204300,809,1877
1590206100,804,1843
1590207900,811,141
1590209700,858,20
1590213300,818,162
1590216900,857,50
1590220500,858,725
1590227700,857,61
1590231600,897,161
1590235200,880,100
1590242400,817,1
1590246000,878,50
1590253200,850,100
1590255000,849,200
1590258600,831,1215
1590262200,848,70
1590264000,889,100
1590267900,834,1869
1590275100,848,10
1590276900,882,61
1590278700,889,51
1590280500,888,1
1590284100,864,120
1590285900,871,170
1590287700,888,20
1590291300,889,40
1590294900,874,437
1590298500,888,221
1590300300,889,43
1590314700,895,30
1590318300,898,200
1590321900,895,61
1590325500,898,100
1590339900,899,1120
1590343800,891,1348
1590345600,863,962
1590347400,864,705
1590349200,862,1769
1590352800,904,67
1590354600,871,409
1590356400,872,377
1590358200,946,75
1590360000,947,41
1590365400,950,1
1590378000,949,47
1590379800,948,15
1590381600,950,1
1590388800,897,21
1590396300,947,1
1590408900,865,43
1590410700,900,63
1590412500,976,20
1590414300,875,20
1590417900,874,20
1590419700,871,140
1590423300,873,230
1590428700,872,90
1590430500,873,190
1590432300,874,120
1590438000,875,22
1590439800,960,12
1590441600,976,10
1590443400,975,50
1590454200,976,70
1590459600,975,21
1590461400,951,14
1590463200,950,819
1590466500,960,130
1590470100,928,259
1590471900,926,2906
1590474900,925,61
1590476700,965,291
1590478500,974,241
1590487800,918,301
1590489600,899,419
1590491400,852,624
1590493200,868,724
1590495000,975,100
1590496800,969,30
1590500400,881,30
1590502200,897,240
1590504000,928,363
1590506100,967,463
1590507900,964,330
1590509700,893,148
1590511500,883,1322
1590515100,888,111
1590518700,930,45
1590520500,950,95
1590522300,968,50
1590524100,967,131
1590527700,965,10
1590529500,967,52
1590531300,968,42
1590534900,969,50
1590536700,968,51
1590538500,967,1
1590540300,974,201
1590553200,973,20
1590560400,972,250
1590564000,974,1
1590573300,979,20
1590575100,966,30
1590576900,942,211
1590582300,971,1000
1590584400,940,3296
1590586200,931,12164
1590589800,930,1
1590593400,972,1020
1590598800,969,140
1590602400,972,100
1590606300,971,1
1590609900,972,65
1590611700,971,201
1590615300,945,3868
1590620700,970,150
1590622500,948,1427
1590624300,945,2368
1590627900,956,377
1590629700,953,643
1590633300,970,75
1590635400,956,551
1590637200,955,455
1590639000,967,2
1590644400,937,10
1590646200,939,13
1590648000,946,3
1590650100,969,2
1590653700,968,51
1590655500,967,60
1590659100,966,211
1590663000,965,300
1590673800,953,200
1590675900,951,206
1590677700,877,16
1590679500,870,20
1590681300,897,90
1590683100,900,90
1590684900,918,121
1590686700,920,111
1590688500,915,67
1590690300,904,387
1590692100,901,350
1590693900,900,45
1590695700,946,138
1590697500,952,141
1590701100,951,204
1590704700,944,110
1590708300,947,80
1590710100,952,30
1590715500,953,23
1590719400,966,20
1590723000,953,20
1590724800,965,457
1590726600,966,437
1590728400,955,42
1590733800,960,10
1590741300,968,24
1590750000,960,86
1590751800,961,107
1590753300,963,116
1590754800,969,630
1590758400,968,30
1590763800,943,1000
1590771000,946,150
1590774600,966,1
1590780000,969,29
1590781800,968,53
1590787200,966,184
1590789000,965,73
1590790800,946,125
1590792600,949,253
1590794700,954,139
1590796500,957,151
1590798300,956,140
1590800100,970,100
1590803700,945,72
1590805500,959,343
1590807300,957,680
1590809100,953,408
1590810900,979,110
1590812700,959,275
1590814500,977,2565
1590816300,980,3002
1590818100,983,602
1590825300,1090,1
1590834300,1032,1
1590837900,1033,210
1590839700,1089,1
1590845400,1011,147
1590849000,1088,30
1590858000,1061,426
1590863400,1047,10
1590865200,1048,131
1590867000,1050,174
1590868800,1054,53
1590870900,1055,5
1590872700,1086,205
1590874500,1087,285
1590876300,1053,535
1590878100,1017,2549
1590879900,1011,2099
1590881700,1069,10
1590883500,1021,396
1590887100,1076,22
1590888900,1087,110
1590890700,1088,100
1590894300,1080,3
1590897900,1073,110
1590899700,1055,135
1590905100,1054,220
1590912300,1009,10
1590919800,1015,101
1590923400,970,100
1590925200,968,120
1590927000,930,247
1590930600,936,304
1590932400,935,268
1590934200,1000,71
1590936000,999,182
1590937800,998,651
1590941400,935,237
1590943200,933,243
1590948600,1000,1
1590950400,979,2
1590952200,959,1
1590955800,955,4
1590959400,958,30
1590961200,977,301
1590963000,980,291
1590964800,992,30
1590966600,1002,221
1590970200,986,9
1590972000,980,170
1590974100,987,261
1590975900,999,100
1590977700,1009,1
1590979500,957,198
1590981300,983,397
1590983100,1009,200
1590984900,1008,160
1590988500,1009,40
1590995700,999,10
1590999300,985,4383
1591001100,981,3372
1591002900,886,2
1591010400,999,103
1591012200,983,1148
1591014000,982,1081
1591017600,1000,10
1591019400,1022,110
1591021200,1025,100
1591023000,1015,101
1591024800,1000,181
1591026600,998,131
1591028400,1024,91
1591030200,1022,380
1591037700,1020,10
1591041300,1015,18
1591043100,1014,46
1591048500,1000,1
1591050300,1015,3
1591052100,1023,3
1591061100,1012,16
1591066800,1010,16
1591081200,1008,1
1591086600,999,110
1591097700,998,20
1591101300,991,111
1591103100,988,61
1591106700,986,56
1591108500,1004,66
1591112100,983,60
1591116000,984,11
1591117800,983,605
1591123200,984,10
1591132200,995,101
1591135800,991,153
1591137600,989,112
1591141200,984,11
1591149300,988,200
1591152900,983,10
1591156500,989,100
1591158300,988,150
1591160100,986,60
1591161900,981,10
1591165500,989,20
1591170900,988,121
1591181700,989,10
1591187100,996,30
1591200000,995,23
1591205400,994,105
1591207200,984,4
1591209000,983,100
1591214400,993,170
1591216200,994,150
1591218000,1001,56
1591219800,1005,286
1591221600,981,771
1591223400,971,1505
1591225200,972,1014
1591227000,1007,90
1591229100,1006,40
1591234500,1009,10
1591241700,1008,251
1591243500,1001,88
1591245300,982,1953
1591247100,977,3527
1591248900,971,1591
1591258200,1004,195
1591263600,1001,1
1591280400,1006,30
1591282200,1004,36
1591284000,1002,26
1591285800,1000,100
1591287600,984,201
1591289400,968,131
1591291200,970,30
1591293000,938,270
1591294800,929,338
1591296600,892,68
1591298400,893,91
1591300200,890,151
1591302000,892,130
1591303800,873,100
1591305600,782,130
1591307400,857,500
1591309200,834,1287
1591311000,812,4041
1591312800,811,4705
1591314600,810,1553
1591323600,799,300
1591327500,802,140
1591329300,800,100
1591334700,699,69
1591338300,802,1950
1591340100,789,2551
1591341900,711,2689
1591344000,720,4224
1591345800,654,1
1591351200,748,1
1591353000,709,2
1591354800,722,11
1591356600,691,40
1591358400,679,30
1591367700,728,10
1591369500,726,80
1591373100,749,3
1591374900,732,4
1591376700,682,1
1591378800,800,10
1591380600,749,150
1591382400,747,240
1591384200,750,100
1591386000,798,73
1591387800,797,74
1591389600,749,3
1591391400,701,792
1591395000,700,6
1591396800,748,50
1591407600,750,351
1591411200,798,101
1591413000,729,344
1591414800,700,243
1591416600,799,120
1591424100,900,510
1591431600,907,1800
1591437000,915,10
1591442400,872,105
1591444200,836,8557
1591447800,835,4990
1591451400,836,10
1591453200,812,3372
1591455000,814,3663
1591456800,830,351
1591458600,822,82
1591460400,848,24
1591462200,830,2
1591464000,873,1
1591465800,830,7711
1591467600,829,25276
1591471200,828,2870
1591473000,789,1
1591475100,828,20
1591476900,817,930
1591478700,813,4719
1591480500,827,134
1591482300,817,1252
1591484100,818,1293
1591485900,827,141
1591487700,828,10
1591491300,829,10
1591494900,869,230
1591500300,830,40
1591506000,898,105
1591509600,882,27
1591511400,871,17
1591513200,900,1
1591515000,889,60
1591517100,888,70
1591520700,887,100
1591524300,881,84
1591526100,873,144
1591527900,864,70
1591530000,873,41
1591531800,822,5177
1591539000,802,200
1591540800,800,180
1591544700,784,255
1591546500,703,42
1591550100,798,301
1591551900,764,1001
1591553700,752,730
1591555500,782,175
1591557300,779,1807
1591559100,776,1851
1591560900,755,223
1591562700,780,65
1591564500,785,81
1591566300,779,507
1591568100,780,507
1591569900,798,70
1591573500,763,133
1591575300,767,3323
1591577100,768,3230
1591578900,799,40
1591580700,787,11
1591582800,767,4177
1591584600,770,6389
1591586400,776,2223
1591590000,798,252
1591591800,777,981
1591593600,770,1613
1591595400,773,989
1591597200,799,105
1591601100,800,100
1591602900,799,4203
1591610400,794,100
1591614000,788,6
1591615800,786,13558
1591625100,785,204
1591630500,734,80
1591632300,713,1181
1591635900,749,21
1591643100,748,220
1591650300,747,3
1591653900,748,300
1591659300,714,2319
1591662900,726,187
1591664700,732,216
1591666500,720,373
1591668300,728,309
1591670100,720,9958
1591671900,721,20327
1591673700,722,10469
1591679100,721,4341
1591688400,775,2
1591690200,774,102
1591693800,749,120
1591712100,735,300
1591713900,738,402
1591715700,749,103
1591717500,748,87
1591721100,717,393
1591722900,719,536
1591724700,728,164
1591726500,725,4330
1591730100,739,154
1591731900,737,299
1591733700,727,506
1591735500,722,434
1591737300,725,386
1591739100,730,299
1591742700,736,242
1591744500,735,388
1591746300,731,288
1591748100,745,271
1591749900,735,4427
1591752000,734,4222
1591753800,740,36
1591755600,745,520
1591757400,742,991
1591766700,747,120
1591785000,745,20
1591786800,734,81
1591788600,731,8408
1591794300,730,768
1591799700,745,175
1591801500,731,5030
1591806900,745,211
1591814100,746,200
1591815900,745,2
1591817700,744,102
1591821300,745,30
1591823100,737,69
1591828800,746,330
1591830600,747,151
1591832400,748,331
1591841400,735,3235
1591850400,700,3
1591854000,723,216
1591857900,731,4835
1591863300,577,1802
1591865100,638,3602
1591866900,699,1800
1591870800,700,21
1591872600,683,118
1591874400,685,138
1591878000,700,31
1591885200,686,4021
1591888800,700,42
1591890600,692,572
1591897800,696,83
1591899600,691,4247
1591905000,700,1
1591906800,699,91
1591910400,696,928
1591914300,699,450
1591916100,696,1553
1591919700,698,302
1591921500,700,1
1591925100,694,3197
1591932300,731,101
1591941300,711,2440
1591943100,658,1801
1591944900,703,3041
1591946700,729,3040
1591950600,731,10
1591952400,730,100
1591963200,749,1
1591965000,723,8
1591966800,719,27
1591972500,718,30
1591974300,712,150
1591976100,711,125
1591977900,717,525
1591986900,716,246
1591990500,717,1704
1591992300,711,419
1591995900,712,55
1591997700,719,10
1591999500,722,433
1592001300,719,1992
1592003100,718,1579
1592004900,719,21
1592006700,730,231
1592013900,733,30
1592017800,749,101
1592019600,750,1
1592021400,716,524
1592025000,796,100
1592028600,799,31
1592030400,742,2930
1592034000,847,51
1592035800,850,1250
1592039400,805,4730
1592043000,811,1320
1592045100,849,100
1592050500,822,60
1592055900,869,30
1592061300,745,110
1592063100,723,409
1592064900,712,356
1592066700,697,57
1592068500,778,6
1592070600,729,16
1592072400,844,1010
1592074200,845,1010
1592076000,742,5012
1592079600,825,30
1592083200,739,1022
1592090400,775,5
1592094000,741,409
1592097600,744,1304
1592099400,812,180
1592101200,798,142
1592103000,755,128
1592104800,782,167
1592106600,817,71
1592108400,777,725
1592110200,778,740
1592112300,817,15
1592114100,790,10
1592119500,750,10
1592121300,795,40
1592123100,761,197
1592124900,755,266
1592126700,760,99
1592128500,754,2949
1592132400,789,10
1592136000,754,2067
1592139600,755,3033
1592141400,790,10
1592143200,764,31
1592145000,753,21
1592146800,716,1
1592154300,770,6
1592156100,756,63
1592157900,754,5063
1592159700,756,1027
1592161500,774,380
1592165100,766,22344
1592174100,753,10
1592188800,781,30
1592192400,753,2
1592196300,752,70
1592198100,724,339
1592199900,720,1706
1592201700,723,1356
1592203500,751,123
1592205300,750,1
1592207100,725,2000
1592208900,723,10335
1592212500,725,20
1592223600,750,100
1592227200,717,79
1592230800,719,1744
1592232600,753,100
1592236200,747,32
1592239800,752,4
1592248800,753,72
1592252400,752,11
1592254200,759,11
1592256000,760,24
1592270700,747,10
1592272500,749,12
1592274300,759,42
1592295900,756,10
1592298000,754,10
1592301600,753,1
1592303400,723,4327
1592308800,745,1100
1592310600,747,1000
1592316000,745,250
1592325000,747,110
1592326800,746,261
1592328600,745,171
1592330400,731,169
1592332500,729,149
1592334300,720,4913
1592337900,732,1
1592339700,715,47
1592343300,728,75
1592345100,721,508
1592346900,720,828
1592350500,735,181
1592352300,725,742
1592354100,723,595
1592355900,702,1937
1592359800,735,81
1592361600,723,1201
1592363400,721,7562
1592367000,727,106
1592368800,725,85
1592370600,721,1
1592372400,699,20
1592374200,719,4162
1592376000,713,4235
1592377800,537,148
1592379600,698,105
1592381400,699,50
1592396100,682,10
1592399700,698,16
1592403300,697,70
1592406900,698,10
1592410500,715,61
1592414100,717,2
1592425200,716,135
1592428800,717,57
1592430600,713,12
1592432400,718,20
1592437800,720,110
1592441400,735,30
1592446800,733,12
1592448600,718,31
1592450400,697,5062
1592456100,717,115
1592459700,718,20
1592461500,697,3000
1592472300,748,100
1592474100,728,201
1592476200,708,5051
1592494200,745,300
1592501400,744,1010
1592506800,745,30
1592510700,749,11
1592512500,748,121
1592516100,746,461
1592526900,745,11
1592532600,744,194
1592534400,722,372
1592538000,724,692
1592539800,730,40
1592541600,745,100
1592543400,744,110
1592545200,743,11
1592547000,719,5696
1592548800,720,5765
1592550600,742,1970
1592552700,743,3711
1592554500,744,1811
1592558100,726,179
1592561700,744,1
1592583300,723,1575
1592588700,743,1
1592590500,723,5497
1592601600,742,120
1592603400,741,165
1592607000,742,50
1592608800,741,210
1592614200,734,1
1592617800,735,10
1592619600,736,200
1592623200,743,9
1592628600,780,50
1592666700,778,294
1592668500,776,94
1592670300,777,11
1592672100,767,831
1592683200,774,1
1592688600,753,4
1592690400,773,54
1592692200,751,239
1592694000,746,280
1592695800,762,191
1592697600,775,100
1592699400,773,120
1592712000,772,51
1592715600,737,1511
1592719200,773,20
1592723100,753,10
1592726700,752,1
1592736000,716,6416
1592739600,723,231
1592741400,748,10
1592743500,746,30
1592747100,748,30
1592756100,746,21
1592759700,765,5
1592765100,769,30
1592766900,768,50
1592768700,767,20
1592770800,766,50
1592779800,760,1153
1592781600,756,1103
1592787000,740,1108
1592796300,765,20
1592798100,742,389
1592799900,741,369
1592803500,765,1
1592807100,741,10524
1592823600,765,31
1592834700,745,100
1592847300,766,100
1592852700,745,3663
1592862000,766,20
1592865600,741,2048
1592869200,762,35
1592876400,766,80
1592878200,764,105
1592880000,759,26
1592881800,766,1
1592883600,645,3190
1592885400,646,3216
1592887200,738,26
1592889000,780,30
1592898300,770,50
1592900100,744,351
1592901900,740,3642
1592905500,743,36
1592910900,715,129
1592914800,700,1
1592918400,428,217
1592920200,519,499
1592922000,594,336
1592923800,584,35
1592925600,666,31
1592927400,668,30
1592932800,740,10
1592934600,626,4193
1592938200,627,86
1592940000,626,71
1592943600,665,4236
1592945700,669,4463
1592947500,731,227
1592951100,702,469
1592952900,704,500
1592954700,743,41
1592956500,744,110
1592960100,766,30
1592965500,740,51
1592973000,757,78
1592974800,759,70
1592980200,740,41
1592982000,714,141
1592983800,704,100
1592994900,700,50
1593009300,687,1
1593012900,654,62
1593014700,673,152
1593016500,688,101
1593018300,700,11
1593020100,616,259
1593022200,618,281
1593024000,635,220
1593025800,634,198
1593029400,700,10
1593033000,628,787
1593034800,618,687
1593040200,700,41
1593042300,703,346
1593049500,737,1
1593053100,687,10
1593054900,731,120
1593056700,735,111
1593058500,687,1
1593060300,738,100
1593062100,737,101
1593075000,739,10
1593078900,738,20
1593108000,737,806
1593109800,620,6
1593111600,737,20
1593119100,738,220
1593120900,739,22
1593126300,758,3
1593128100,757,24
1593135300,705,240
1593140700,704,10
1593146100,705,150
1593151500,708,1
1593168000,766,20
1593173400,747,80
1593175200,759,220
1593177000,683,4258
1593179100,681,1117
1593184500,680,4401
1593188100,739,75
1593191700,766,221
1593195300,764,282
1593197100,758,61
1593198900,766,20
1593213600,751,10
1593217200,749,200
1593219300,747,209
1593221100,713,9
1593222900,766,7
1593228300,739,1
1593235500,839,10
1593237600,766,410
1593239400,765,400
1593241200,764,200
1593244800,817,20
1593252000,844,1000
1593255600,871,10
1593262800,862,20
1593268200,867,10
1593270000,810,67
1593271800,835,127
1593273600,864,70
1593275700,840,1
1593281100,839,51
1593282900,838,121
1593286500,837,40
1593290100,833,60
1593291900,832,40
1593299100,820,70
1593303000,816,22
1593313800,819,30
1593326700,818,1
1593330300,817,1
1593333900,810,1
1593337500,809,10
1593339300,808,1051
1593344700,802,82
1593350400,728,10
1593359400,600,50
1593363000,700,1
1593366600,749,100
1593370500,701,157
1593372300,694,644
1593374100,693,673
1593375900,711,292
1593377700,748,100
1593384900,717,221
1593401400,722,130
1593403200,753,120
1593405000,752,180
1593406800,751,80
1593408600,749,10
1593410400,695,867
1593412200,694,857
1593414300,717,20
1593417900,694,112
1593421500,698,121
1593423300,748,110
1593425100,749,100
1593432600,747,160
1593439800,693,4329
1593441600,694,4379
1593443400,707,261
1593445200,699,211
1593447000,700,50
1593450900,651,2
1593456300,653,317
1593458100,698,1
1593459900,695,101
1593461700,662,394
1593463500,651,639
1593467100,680,551
1593468900,693,374
1593472500,700,100
1593476100,680,800
1593481500,710,59
1593496200,570,49
1593501900,679,50
1593511200,607,4069
1593514800,654,767
1593516600,673,10393
1593520200,619,1513
1593522000,607,5830
1593525600,650,1
1593534600,648,211
1593538200,660,80
1593540000,664,60
1593541800,619,1108
1593547200,660,11
1593556500,650,30
1593560100,662,1
1593569100,665,50
1593570600,660,70
1593572700,662,120
1593574500,665,100
1593576300,639,143
1593580200,660,80
1593595800,658,1
1593603300,660,5
1593610500,689,20
1593614100,653,3328
1593623400,695,11
1593628800,679,482
1593630600,671,322
1593634200,697,20
1593643200,674,100
1593645300,683,200
1593647100,688,220
1593648900,684,120
1593652500,683,1000
1593654300,685,1510
1593656100,691,610
1593657900,697,100
1593659700,690,20
1593665100,696,10
1593668700,697,50
1593672600,694,11
1593681600,698,1
1593694500,689,20
1593699900,688,60
1593701700,689,180
1593703500,690,125
1593705300,698,5
1593707100,651,2001
1593708900,653,2101
1593710700,652,2521
1593712500,653,2627
1593714300,686,357
1593718200,652,948
1593721800,685,3
1593727200,684,100
1593730800,685,2
1593745200,671,5
1593747000,674,135
1593748800,675,130
1593756300,682,1200
1593758100,669,3900
1593760200,650,8870
1593765600,666,63
1593767400,685,930
1593783900,671,2005
1593785700,672,2105
1593787500,698,210
1593792900,697,195
1593814800,696,151
1593816600,709,221
1593818400,724,100
1593823800,719,105
1593825600,744,195
1593827400,771,190
1593829200,752,151
1593831000,739,81
1593832800,706,1072
1593834600,705,5073
1593838200,717,537
1593840000,739,200
1593849300,859,80
1593853200,849,1
1593855000,848,2
1593860400,845,200
1593865800,834,80
1593874800,833,30
1593878700,834,200
1593880500,835,200
1593884100,750,5
1593894900,818,1
1593896700,817,67
1593898500,816,68
1593903900,813,1
1593907500,814,15
1593909300,733,40
1593915000,815,21
1593918600,733,60
1593922200,769,4
1593924000,813,204
1593925800,814,200
1593927600,799,115
1593947700,794,700
1593951300,700,2010
1593956700,787,201
1593958500,705,6082
1593960600,702,8214
1593962400,700,2333
1593964200,731,300
1593967800,768,1
1593975000,714,103
1593982200,712,341
1593984000,708,151
1593985800,686,40
1593989400,643,1
1593993000,705,150
1593998400,676,21
1594002000,706,1
1594007700,704,100
1594009500,703,101
1594011300,676,1
1594013100,685,102
1594026000,678,20
1594029900,641,9998
1594033500,675,100
1594044300,667,21
1594046100,658,132
1594047900,662,251
1594049700,667,140
1594055100,671,174
1594058700,672,31
1594062300,675,1
1594064100,673,101
1594065900,658,259
1594068000,660,392
1594069800,670,388
1594071600,674,148
1594073400,670,84
1594075200,672,184
1594080600,674,40
1594091700,673,111
1594098900,670,30
1594106100,649,2
1594107900,664,7
1594110000,670,15
1594121100,668,65
1594124700,657,100
1594128300,648,41
1594132200,649,2
1594141200,663,5
1594152000,642,84
1594155600,652,4
1594157400,658,3
1594161000,650,100
1594162800,651,150
1594164600,653,50
1594166400,652,10
1594170000,655,111
1594172100,656,100
1594177500,658,100
1594181100,656,1
1594184700,654,3
1594193700,650,5
1594204800,653,80
1594205100,650,40
1594205400,654,70
1594205700,653,80
1594206600,654,70
1594210500,665,100
1594214100,670,1
1594215900,672,21
1594217700,673,40
1594219500,665,50
1594219800,667,70
1594221000,661,36
1594230000,662,10
1594235700,673,33
1594247700,682,311
1594249500,683,300
1594254900,680,30
1594256700,682,130
1594258800,683,100
1594260600,682,1
1594273200,683,11
1594308000,682,101
1594326000,683,11
1594329600,682,110
1594331400,679,12
1594333500,683,1002
1594337100,689,10
1594338900,700,121
1594346400,706,1
1594348200,705,201
1594353600,702,2
1594359000,788,1
1594360800,737,57
1594369800,807,20
1594371900,737,9632
1594383900,797,20
1594396800,789,10
1594406700,778,202
1594408500,745,302
1594410300,678,132
1594412100,675,33
1594413900,609,601
1594417500,680,10
1594426800,790,1
1594428600,796,41
1594430400,797,40
1594434000,795,246
1594435800,794,255
1594437600,789,1809
1594439700,783,1996
1594441500,741,256
1594443300,729,5489
1594445100,728,5430
1594446900,799,113
1594455900,845,100
1594464900,795,100
1594472400,758,10
1594476000,730,9058
1594481400,731,132
1594483200,743,262
1594485000,755,130
1594488600,731,2441
1594494000,755,56
1594499400,754,100
1594506600,757,1
1594510200,756,10
1594523100,757,20
1594528500,748,20
1594530300,751,50
1594532100,743,227
1594533900,742,197
1594535700,748,400
1594552200,730,50
1594557600,729,100
1594559400,726,125
1594561200,718,25
1594570500,729,100
1594581300,674,227
1594590600,725,20
1594596000,699,10
1594599600,709,1
1594601400,699,3
1594608600,705,7
1594619700,726,70
1594623300,725,61
1594654200,734,60
1594657800,740,10
1594665000,729,50
1594675800,707,2033
1594679400,721,211
1594686600,710,11
1594697700,700,22
1594699500,708,122
1594701300,710,112
1594703100,721,10
1594706700,707,1
1594708500,681,101
1594717500,672,30
1594722900,708,50
1594726800,670,150
1594739400,650,180
1594746600,725,10
1594750200,667,199
1594752000,668,200
1594753800,725,1
1594762800,610,9899
1594764600,609,9900
1594766400,502,1
1594773600,503,100
1594775400,550,200
1594777200,598,220
1594780800,600,7
1594793400,555,2
1594795200,517,13
1594797000,511,371
1594804200,600,100
1594809600,531,958
1594811400,532,1147
1594813500,538,189
1594815300,531,184
1594818900,537,1945
1594826100,600,5
1594835100,569,13
1594836900,598,262
1594838700,600,252
1594849500,590,4
1594851300,587,3
1594853100,600,11
1594856700,599,10
1594858500,584,40
1594860300,591,70
1594862100,600,40
1594876500,576,5504
1594880100,640,60
1594889100,671,1
1594896600,674,1
1594902000,642,1
1594903800,658,2
1594905600,647,771
1594920000,715,2
1594921800,725,1
1594934400,739,30
1594945200,738,290
1594947000,737,90
1594956000,725,201
1594959600,735,1100
1594963200,734,1
1594965000,690,74
1594968600,734,300
1594972200,736,1
1594981500,738,10
1594988700,739,1
1595001300,677,2
1595003100,728,103
1595004900,730,101
1595008500,728,25
1595013900,727,1
1595017500,737,111
1595019300,738,211
1595021700,739,202
1595023500,740,101
1595025300,739,116
1595027400,737,55
1595031000,750,200
1595049300,801,201
1595078400,845,100
1595096400,844,102
1595098200,843,132
1595100000,842,30
1595105400,820,27
1595109000,842,2
1595114400,843,67
1595116200,844,67
1595118000,843,46
1595123400,847,4
1595125200,845,5
1595127000,839,1
1595128800,847,104
1595132400,849,30
1595136000,848,17
1595139600,790,94
1595143200,798,7
1595148600,755,1539
1595163300,849,100
1595174100,847,30
1595175900,846,280
1595179500,845,310
1595181300,829,211
1595193900,839,36
1595197500,840,100
1595202900,845,2
1595211900,844,5
1595219100,847,20
1595224800,763,13
1595226600,757,488
1595230200,797,230
1595232000,848,101
1595233800,800,51
1595239200,757,3954
1595241000,774,4954
1595242800,842,1031
1595244900,762,31
1595250300,848,1
1595257500,762,313
1595259300,777,854
1595261100,781,699
1595262900,762,124
1595268300,765,2683
1595270100,845,110
1595273700,848,200
1595275500,847,230
1595277300,846,60
1595279100,845,30
1595282700,844,2
1595288400,839,31
1595297400,780,20
1595299200,816,50
1595301000,840,30
1595304600,838,101
1595306400,837,121
1595310000,800,40
1595311800,760,646
1595313600,759,626
1595315400,797,60
1595319000,836,1
1595320800,827,21
1595322900,834,70
1595324700,822,103
1595326500,809,58
1595328300,830,105
1595331900,829,51
1595333700,830,60
1595335500,813,20
1595337300,827,110
1595339100,830,100
1595340900,756,53
1595346300,795,201
1595348100,796,200
1595351700,792,341
1595353500,783,632
1595355300,763,3291
1595357100,762,4046
1595360700,770,100
1595364300,762,3383
1595366100,763,3453
1595367900,838,301
1595369700,830,451
1595371500,824,220
1595373300,815,121
1595377200,814,101
1595379000,812,12
1595380800,814,11
1595382600,765,7
1595384400,812,207
1595386200,790,272
1595388000,723,72
1595389800,813,40
1595399100,833,26
1595408400,816,650
1595415900,757,50
1595424900,700,10
1595429100,725,118
1595429700,700,58
1595430300,750,90
1595432700,755,130
1595434500,757,100
1595441700,736,68
1595443500,748,168
1595445300,753,110
1595447100,732,15
1595448900,754,5
1595450700,753,200
1595454300,752,1
1595470500,731,300
1595477700,744,96
1595479500,746,138
1595481300,752,42
1595487000,753,50
1595490600,750,28
1595496000,757,1
1595512200,728,1
1595514000,732,101
1595515800,774,301
1595517300,783,300
1595519100,760,100
1595524200,728,50
1595528100,736,5
1595529600,758,1
1595538600,710,5411
1595542200,719,100
1595549400,725,40
1595558700,755,100
1595565900,728,10
1595567700,710,14669
1595571300,745,1
1595573100,735,4221
1595584200,807,118
1595586000,771,4381
1595589600,773,1351
1595591400,770,1251
1595598900,816,1
1595602200,771,3605
1595604300,770,3505
1595605200,815,1
1595607000,808,3
1595608800,800,44
1595612400,805,50
1595617800,810,20
1595630700,800,20
1595634300,798,120
1595641500,797,110
1595643300,796,130
1595645100,795,140
1595648700,796,30
1595650500,797,1
1595655900,840,1
1595657700,800,9700
1595661600,972,1
1595670600,801,111
1595672700,804,113
1595674500,800,7251
1595687100,793,50
1595692500,849,30
1595696100,975,100
1595697900,968,150
1595699700,955,50
1595701500,945,20
1595708700,944,106
1595710500,930,124
1595712300,853,18
1595718000,855,60
1595719800,874,112
1595721600,897,52
1595723400,888,5
1595741400,859,410
1595743200,858,510
1595745000,805,10100
1595761500,832,300
1595768700,793,1000
1595772300,802,415
1595774100,826,100
1595779200,821,10
1595785800,829,1
1595791200,830,150
1595794800,848,20
1595796600,795,206
1595798400,787,342
1595800200,789,166
1595802000,847,110
1595809500,849,50
1595813100,826,120
1595814900,830,150
1595816700,850,50
1595825700,835,1
1595827500,786,9667
1595831100,835,10
1595832900,821,130
1595842200,820,50
1595852100,800,22
1595862900,818,500
1595868300,817,31
1595870100,809,51
1595871600,814,151
1595872500,815,150
1595873700,818,150
1595885700,809,40
1595889600,808,30
1595896800,817,20
1595904000,699,1110
1595907600,698,11
1595911200,719,284
1595913000,720,288
1595914800,801,14
1595916600,819,10
1595925900,807,10
1595927700,802,24
1595929500,800,14
1595931600,804,101
1595933400,803,151
1595935500,802,50
1595937300,804,100
1595942700,807,30
1595951700,705,947
1595955300,806,60
1595962500,763,5373
1595966100,773,476
1595966700,763,5488
1595967300,767,1290
1595967900,764,3832
1595968800,767,1290
1595969100,764,3759
1595969700,763,3622
1595972700,790,20
1595976300,789,20
1595981700,751,10
1595987400,790,10
1596000000,715,8430
1596005400,788,20
1596009300,789,10
1596014700,761,8319
1596024000,750,10
1596029400,709,35
1596031200,679,20
1596038700,716,122
1596056100,768,180
1596057900,781,220
1596059700,782,210
1596070500,756,10
1596075900,757,10
1596084900,725,20
1596086700,749,81
1596088500,757,161
1596090300,729,210
1596092400,706,115
1596094200,756,5
1596116100,743,10
1596117900,742,11
1596118200,743,10
1596118500,742,1
1596124800,740,71
1596126600,741,82
1596128400,743,116
1596133800,742,30
1596137400,762,173
1596146700,763,100
1596148500,762,20
1596155700,761,10
1596164700,763,50
1596194100,798,200
1596198000,854,100
1596201600,947,10
1596203400,910,40
1596205200,896,50
1596207000,894,20
1596208800,850,11
1596210600,849,111
1596219600,850,50
1596225000,849,101
1596226800,840,52
1596234000,850,2
1596243000,900,15
1596259500,899,20
1596266700,947,2301
1596272400,898,2
1596276000,909,6
1596277800,967,502
1596281400,887,4660
1596285000,958,30
1596296100,955,100
1596299700,954,123
1596301500,951,322
1596303300,949,420
1596312300,944,21
1596319500,947,100
1596323100,945,42
1596326700,946,30
1596333900,924,250
1596337500,923,100
1596345000,922,10
1596346800,921,16
1596357600,939,30
1596368700,936,140
1596370500,930,40
1596375900,927,30
1596379500,849,22
1596385200,928,100
1596387000,926,142
1596390600,928,79
1596399600,927,250
1596408600,928,5
1596412200,926,100
1596419400,900,4683
1596424800,842,42
1596426600,860,54
1596428400,922,12
1596432000,920,1
1596437400,902,50
1596447000,802,3250
1596458400,835,100
1596467400,824,82
1596474600,798,100
1596487200,705,198
1596492600,748,30
1596494400,746,46
1596496200,745,116
1596501600,831,105
1596503400,836,103
1596505200,711,2057
1596509100,795,111
1596510900,806,1
1596514500,766,4
1596516300,765,224
1596521700,745,116
1596530700,794,3
1596532800,745,4727
1596536400,794,15
1596539700,744,1830
1596541800,740,2087
1596543600,719,262
1596549000,794,1
1596556200,792,20
1596561600,791,1
1596563400,790,71
1596569100,766,20
1596574500,761,10
1596582900,765,10
1596594000,775,69
1596603000,789,40
1596610200,788,100
1596629100,767,1
1596651000,766,34
1596652800,740,1
1596656400,749,10
1596660000,767,1
1596669000,768,10
1596676200,767,20
1596679800,766,116
1596683700,730,40
1596685500,749,90
1596687300,765,50
1596689100,767,11
1596692700,709,323
1596696300,727,307
1596698100,714,2218
1596699900,711,2080
1596701700,739,40
1596707100,765,100
1596708900,711,2631
1596710700,709,2532
1596712500,730,1
1596716400,768,10
1596723600,712,322
1596725400,709,302
1596727200,766,6
1596736200,764,1
1596738000,731,31
1596739800,734,34
1596741600,764,4
1596745500,748,1121
1596749100,765,20
1596750900,764,30
1596755100,765,30
1596756900,730,95
1596758700,759,1096
1596760500,762,1001
1596760800,760,1032
1596761700,762,1
1596763500,760,11
1596776700,742,50
1596786000,741,100
1596787800,740,51
1596794400,702,131
1596798000,838,1000
1596802500,845,1
1596816300,884,51
1596826200,880,60
1596837600,875,110
1596843000,873,76
1596845100,830,176
1596846900,799,1140
1596850500,793,214
1596866100,870,30
1596868200,868,230
1596871800,869,1
1596873900,916,1
1596882900,866,200
1596886500,867,1
1596897300,852,100
1596899100,798,3781
1596900900,797,4073
1596905400,798,1652
1596906000,797,4631
1596906300,801,497
1596908100,851,36
1596909900,890,101
1596918900,891,310
1596920700,893,110
1596922500,872,40
1596924600,866,33
1596926400,869,147
1596928200,872,167
1596930000,886,23
1596946500,882,34
1596951900,791,2000
1596957300,793,3096
1596959400,798,1101
1596963000,872,200
1596968400,870,26
1596973800,864,20
1596981000,857,30
1596984600,850,50
1596991800,848,20
1596999300,846,280
1597001100,842,190
1597002900,845,110
1597006500,821,200
1597019100,839,100
1597022700,836,12
1597024500,840,32
1597028400,846,32
1597032000,743,10
1597033800,840,140
1597035600,848,130
1597037400,847,60
1597041000,846,101
1597053900,844,100
1597062900,809,8
1597068300,806,100
1597080600,837,104
1597082400,835,409
1597093200,830,3
1597100400,828,20
1597102200,815,145
1597104000,813,125
1597124100,788,14
1597125900,730,61
1597127700,783,127
1597129500,825,100
1597138800,783,105
1597140600,776,306
1597142400,718,2189
1597144200,713,1988
1597147800,779,1
1597155000,780,20
1597158900,783,30
1597159200,782,33
1597168200,749,51
1597173900,759,100
1597175700,784,56
1597177500,783,159
1597179300,782,103
1597181100,760,380
1597182900,759,390
1597184700,739,13
1597193700,743,1
1597200900,750,10
1597209900,749,36
1597211700,747,1
1597215600,784,3
1597217400,817,73
1597219200,816,287
1597234500,790,1
1597235100,789,18
1597242000,817,1
1597247700,816,500
1597259100,817,1
1597266300,816,40
1597268100,812,90
1597269600,810,50
1597276800,801,10
1597291500,823,200
1597293300,820,215
1597295100,799,120
1597296900,784,168
1597298700,751,4124
1597304100,789,241
1597305900,818,150
1597309500,819,20
1597338600,816,100
1597342200,821,2
1597353300,823,1
1597361400,813,1
1597386900,778,2052
1597392300,870,1
1597396200,869,100
1597409700,946,1
1597411500,930,31
1597416600,925,50
1597420200,924,200
1597421700,910,160
1597423500,888,60
1597428900,887,101
1597439700,880,1000
1597447200,802,2
1597449000,881,102
1597450800,883,100
1597456200,882,20
1597465200,762,1
1597470600,828,1
1597474200,869,1
1597485300,867,10
1597487100,865,50
1597490700,810,4159
1597497900,860,20
1597501500,858,50
1597503300,850,140
1597505100,847,100
1597506900,850,30
1597508700,848,20
1597512300,847,36
1597517700,839,30
1597519500,838,50
1597523100,836,144
1597524900,834,254
1597528500,833,1
1597532100,827,37
1597533900,820,44
1597542900,819,41
1597550100,833,40
1597552200,832,50
1597555800,833,25
1597579200,819,1
1597586400,830,350
1597591800,827,20
1597597200,830,80
1597602600,831,2
1597606200,826,20
1597608000,827,40
1597609800,828,20
1597611600,826,20
1597613400,827,670
1597619400,829,10
1597628400,831,10
1597632000,832,70
1597633800,840,10
1597635600,819,150
1597641000,818,81
1597655400,816,1
1597663500,818,24
1597681500,810,1
1597686900,809,1
1597694100,810,120
1597699800,809,218
1597701600,798,18
1597705200,832,10
1597718100,810,3
1597730400,846,302
1597734600,845,17
1597735200,846,201
1597735500,845,17
1597744500,841,10
1597749900,840,18
1597755000,837,10
1597761000,835,10
1597769100,831,1
1597773000,830,10
1597777800,829,1
1597779600,828,2
1597780200,829,1
1597780800,828,2
1597781700,827,1
1597789800,828,20
1597791600,829,1
1597792200,826,13
1597794000,824,13
1597795800,803,1
1597797600,824,1
1597812000,822,50
1597813800,825,350
1597819500,775,1963
1597836900,828,10
1597840500,780,4378
1597844100,828,1
1597851300,829,30
1597853100,780,5641
1597856700,820,1
1597863900,811,14
1597867500,816,120
1597908300,797,1
1597911900,796,100
1597920900,797,100
1597938900,761,40
1597942500,795,50
1597953300,792,12
1597958700,765,34
1597973700,787,230
1597977600,790,1
1597988400,786,6
1597992000,752,1000
1598004000,888,1
1598009400,880,1
1598016600,841,100
1598027400,768,138
1598029200,767,182
1598031000,766,534
1598038200,800,2
1598040600,835,22
1598041800,777,314
1598043600,773,1038
1598048400,841,10
1598050200,840,500
1598053800,841,14
1598057400,840,1
1598061000,825,100
1598062800,824,130
1598068200,838,210
1598071800,840,1
1598075400,800,74
1598077200,788,148
1598079000,777,2237
1598082600,778,2047
1598084400,835,11
1598088300,832,5
1598097300,802,10
1598100900,828,1
1598104800,827,103
1598105700,810,3
1598106000,827,103
1598106600,810,3
1598107500,802,2
1598107800,810,3
1598110500,826,5
1598114100,824,30
1598118300,823,10
1598127300,821,320
1598140200,812,20
1598143800,820,100
1598145600,819,160
1598149200,815,70
1598151000,806,20
1598154600,780,41
1598158200,821,300
1598163600,755,2748
1598169000,832,1
1598170800,808,44
1598171700,810,13
1598172000,808,44
1598178000,775,3
1598185200,814,20
1598190600,812,301
1598197200,813,6
1598199000,760,691
1598202600,797,1
1598202900,760,686
1598203200,797,1
1598206800,814,33
1598216700,812,1
1598220600,811,151
1598222400,810,1
1598235000,809,10
1598238600,808,11
1598249400,812,1
1598262300,809,1
1598269500,754,4022
1598274900,786,10
1598278500,799,2
1598280300,813,1
1598283900,756,326
1598285700,754,835
1598287500,752,509
1598291100,753,5272
1598294700,798,1
1598301900,796,71
1598303700,774,65
1598304300,757,237
1598306100,756,365
1598307900,759,149
1598309700,786,20
1598318700,800,10
1598329800,797,620
1598331600,791,200
1598333400,800,100
1598335200,721,135
1598337000,717,333
1598338800,715,198
1598344200,786,51
1598359800,750,6163
1598363400,785,1
1598372400,798,1
1598374200,772,519
1598376000,768,1834
1598377800,767,1316
1598379600,794,20
1598386500,793,190
1598387400,775,596
1598390400,793,10
1598408100,792,40
1598422500,772,357
1598427900,750,1096
1598431800,751,397
1598433000,750,4387
1598435700,777,100
1598469900,742,3925
1598473800,749,563
1598474700,742,4289
1598478300,778,50
1598481900,793,21
1598492700,770,10
1598498400,800,10
1598502000,806,1
1598509200,804,100
1598521800,793,10
1598527200,742,4769
1598542500,734,2102
1598546100,754,1631
1598547900,738,7318
1598550000,734,3011
1598551500,752,40
1598554500,731,1
1598558100,738,105
1598559900,793,12
1598561700,787,6
1598563200,799,5
1598564100,774,139
1598565900,775,154
1598567700,794,255
1598569500,795,240
1598573100,792,30
1598578800,794,100
1598595000,762,16
1598602200,764,699
1598604000,791,50
1598616900,972,40
1598618700,967,41
1598620200,803,2
1598629200,880,1
1598632800,807,321
1598634600,841,780
1598635800,834,877
1598637600,800,184
1598643000,801,3987
1598644800,862,100
1598646600,790,25
1598648400,787,27
1598650200,760,2
1598650500,787,27
1598650800,760,2
1598661300,849,10
1598664900,830,35
1598666700,844,146
1598668500,849,119
1598672100,833,100
1598673900,808,200
1598675700,784,200
1598686500,842,1
1598699400,838,1
1598704800,758,4133
1598708400,833,105
1598710200,759,5114
1598712000,758,5860
1598727300,832,32
1598729100,831,112
1598745600,791,60
1598751000,792,104
1598761800,830,9
1598765400,829,1
1598767200,774,169
1598774700,825,100
1598791800,775,995
1598797200,825,30
1598802600,808,20
1598805900,793,10
1598810100,819,40
1598813700,818,420
1598816700,819,1
1598818500,823,10
1598823900,822,41
1598831100,819,30
1598836500,823,500
1598841900,814,20
1598843700,818,120
1598845500,819,100
1598847600,823,60
1598865600,822,100
1598871600,802,2
1598872200,785,184
1598873100,802,2
1598873400,785,184
1598875800,786,1854
1598877600,808,148
1598882400,829,24
1598883900,830,124
1598886900,823,2
1598887500,830,102
1598887800,823,2
1598889600,785,364
1598893200,791,1439
1598895000,818,430
1598896800,827,131
1598900400,826,100
1598903400,825,301
1598904600,824,401
1598905500,821,103
1598909100,815,26
1598914500,820,1
1598923500,811,130
1598927100,815,20
1598940000,787,735
1598945400,813,100
1598951100,812,100
1598960400,799,40
1598962500,798,341
1598963700,788,595
1598965500,777,296
1598967300,799,1
1598970900,798,40
1598972400,777,2230
1598978400,798,300
1598984100,797,21
1598985600,796,1
1598987400,798,50
1598989200,797,88
1598990400,796,48
1598991000,795,58
1598991300,796,48
1598991600,795,98
1598994000,797,280
1598996400,798,250
1599001500,796,50
1599005100,793,10
1599006900,797,110
1599008700,798,110
1599010500,797,13
1599012300,795,123
1599023100,798,10
1599026700,689,1
1599028500,602,35
1599030600,600,34
1599032400,660,146
1599035400,600,96
1599039900,639,1
1599047100,780,50
1599048300,776,52
1599050100,700,2
1599054600,782,10
1599060000,744,538
1599061800,745,1126
1599063600,748,4543
1599065400,750,4353
1599067200,799,220
1599069000,797,100
1599081600,814,1
1599083400,812,50
1599087000,813,27
1599092400,814,10
1599105300,813,1
1599108900,789,100
1599112500,814,82
1599128400,809,1
1599132000,818,1
1599141000,817,140
1599148200,818,50
1599153900,813,42
1599157500,822,3
1599164700,821,20
1599168300,824,1
1599170100,862,50
1599176700,888,60
1599180300,869,100
1599187500,828,200
1599191100,885,20
1599198300,887,100
1599200400,834,3015
1599202200,830,5161
1599204000,885,800
1599205800,884,803
1599207600,880,3
1599212700,947,50
1599216300,888,1
1599230400,875,1
1599240000,871,141
1599243600,855,200
1599247200,864,200
1599249000,872,101
1599250200,815,1
1599250800,816,51
1599251100,815,1
1599252000,816,51
1599252600,817,50
1599253800,819,52
1599254700,873,52
1599255000,819,52
1599255600,873,52
1599257400,872,60
1599259200,871,10
1599262800,870,1
1599266400,865,60
1599268200,864,51
1599270300,869,121
1599286500,754,2146
1599297300,873,500
1599304500,869,1
1599306300,865,42
1599317100,860,60
1599324600,828,11
1599326400,844,21
1599328200,863,10
1599330000,849,60
1599333600,848,10
1599337200,844,160
1599339000,842,120
1599342600,825,50
1599348000,830,143
1599351600,784,110
1599357000,739,50
1599358800,715,260
1599360600,709,210
1599367800,825,300
1599373200,720,1
1599395100,812,1
1599400500,741,984
1599404100,743,1
1599407700,808,100
1599411300,800,3
1599413100,808,53
1599414900,809,80
1599416700,807,230
1599425700,803,72
1599427500,750,4276
1599431100,758,270
1599432900,770,180
1599436500,804,10
1599438300,795,130
1599440100,796,140
1599441900,803,50
1599445500,805,100
1599449100,804,1
1599450900,792,43
1599452700,797,142
1599454500,800,100
1599459900,803,210
1599478200,800,10
1599482700,785,1
1599483600,799,501
1599483900,785,1
1599484500,799,521
1599490800,785,20
1599498300,786,230
1599500100,787,231
1599501900,800,101
1599513900,785,1
1599514500,765,1127
1599514800,785,1
1599515100,765,1127
1599516300,769,1247
1599518100,805,120
1599521700,784,60
1599529200,819,40
1599541800,839,30
1599545400,785,1
1599552600,784,24
1599554400,783,45
1599566100,782,40
1599584400,781,40
1599588000,780,1
1599591600,779,13
1599595200,780,124
1599639600,783,60
1599641400,782,61
1599643200,775,1
1599644400,760,1819
1599644700,775,1
1599645000,760,4877
1599651600,764,12
1599653400,761,11
1599660600,799,10
1599664200,838,1
1599667800,771,1522
1599672000,830,100
1599675600,771,6110
1599681000,825,21
1599681300,771,1896
1599681600,825,21
1599682200,771,1896
1599682500,825,21
1599686400,824,20
1599690000,808,1
1599691800,821,102
1599693600,822,101
1599706200,821,40
1599719100,816,50
1599720900,815,51
1599726300,811,101
1599735300,810,1001
1599740700,783,40
1599746100,801,248
1599749700,775,4893
1599753300,776,3971
1599764400,804,51
1599768300,783,1756
1599769800,780,1557
1599771000,775,1256
1599775500,799,100
1599780900,804,10
1599786300,806,430
1599795300,777,65
1599798900,797,10
1599804300,815,3
1599807900,803,151
1599820800,873,1
1599831900,880,20
1599833700,884,52
1599835500,823,131
1599837300,803,120
1599839100,798,22
1599840900,757,1130
1599845100,770,200
1599846900,888,40
1599848700,890,21
1599850500,894,21
1599852300,891,20
1599854100,800,4276
1599857700,799,301
1599859500,869,18
1599859800,818,66
1599860700,892,418
1599862500,894,400
1599865200,889,70
1599868800,887,50
1599881400,804,200
1599886800,803,280
1599888600,802,75
1599890400,841,125
1599892200,850,100
1599894000,775,2044
1599897600,776,2045
1599899400,836,52
1599903000,798,1
1599915900,797,10
1599916800,795,50
1599924600,777,25
1599926400,766,2067
1599931800,797,101
1599935400,686,1001
1599937200,685,1203
1599940800,728,200
1599942600,770,202
1599945000,767,348
1599945300,768,198
1599946200,767,246
1599949200,794,10
1599956400,795,201
1599972600,794,41
1599978000,768,3491
1599981900,791,3
1599989700,768,2004
1599993300,791,10
1599998700,789,30
1600009800,790,102
1600015200,787,510
1600018200,784,790
1600020000,780,290
1600029000,782,100
1600033500,775,210
1600038000,781,30
1600043400,774,20
1600059600,772,50
1600065000,773,10
1600075500,780,30
1600079100,747,104
1600086300,748,5961
1600088100,749,2268
1600089900,780,12
1600093500,786,210
1600095300,788,301
1600097100,790,101
1600108200,782,21
1600110000,783,25
1600111800,790,5
1600115700,789,30
1600125000,788,32
1600126800,781,2
1600128600,789,30
1600139400,779,162
1600141200,773,102
1600150200,702,200
1600152000,697,7815
1600153800,698,7715
1600157400,773,30
1600168500,750,3111
1600175700,772,493
1600176000,754,2528
1600177800,751,7399
1600179600,750,4871
1600181400,751,659
1600182900,759,78
1600184700,756,100
1600186200,746,5103
1600195200,770,100
1600210500,763,1
1600212300,760,11
1600214100,762,210
1600215900,763,200
1600219500,761,60
1600221300,760,50
1600227900,759,130
1600229700,758,35
1600235400,757,151
1600237200,734,1
1600246200,768,51
1600248300,703,6255
1600251900,749,200
1600255500,703,12
1600257300,750,112
1600259100,756,120
1600268100,733,2
1600271700,757,1
1600280700,754,202
1600286100,750,1
1600287900,717,4589
1600291500,718,1779
1600293600,717,871
1600302600,750,70
1600304400,752,128
1600306200,755,58
1600309800,750,105
1600313400,749,100
1600327800,728,2
1600329600,748,102
1600331400,749,100
1600333200,728,20
1600335000,727,21
1600345800,755,1
1600349700,728,5
1600353300,729,26
1600355100,755,2
1600356900,756,2
1600369500,755,98
1600373100,756,112
1600374900,757,101
1600380300,776,1001
1600385700,777,331
1600389300,783,31
1600391100,786,21
1600400100,785,101
1600403700,786,40
1600405500,764,20
1600407300,782,120
1600409100,786,121
1600410900,729,10170
1600418100,784,30
1600427400,749,9999
1600431000,750,1
1600432800,800,101
1600438500,646,10
1600440000,716,10013
1600443900,534,12
1600447500,749,1
1600449300,728,12
1600451400,726,11
1600453200,750,101
1600455000,744,105
1600456800,605,4
1600458600,749,300
1600462200,750,130
1600465800,749,50
1600475700,750,50
1600479300,784,3
1600491900,789,63
1600495500,800,5
1600499100,799,181
1600528200,790,100
1600531500,758,129
1600539900,762,145
1600541700,771,311
1600543500,767,1241
1600547100,790,80
1600553100,789,3
1600556100,790,1
1600585200,789,4
1600588800,788,48
1600596000,775,20
1600603200,765,2030
1600614000,769,3
1600615800,765,608
1600621200,769,131
1600624800,779,29
1600626600,781,160
1600628400,782,131
1600630200,789,30
1600635900,788,103
1600637700,765,106
1600643100,788,120
1600652100,775,30
1600653900,785,130
1600655700,789,100
1600657500,775,1
1600659300,789,31
1600661100,787,210
1600662900,786,181
1600664700,788,101
1600666500,789,100
1600686300,765,1313
1600688100,760,3613
1600689900,757,2300
1600698900,774,1
1600702500,736,10
1600704300,717,440
1600706100,716,442
1600707900,730,42
1600709700,723,1816
1600711500,728,1988
1600713300,734,1146
1600715100,725,944
1600720800,775,30
1600722600,755,64
1600724400,738,34
1600726200,788,50
1600735200,770,1
1600749600,769,10
1600751400,782,110
1600753200,783,104
1600755000,749,143
1600762500,789,100
1600769700,790,6
1600773300,789,1
1600780500,790,100
1600786200,785,300
1600789800,788,80
1600804200,775,110
1600809300,797,6
1600815900,806,100
1600818600,800,50
1600818900,806,100
1600819500,800,220
1600821300,790,320
1600823100,770,100
1600832100,777,180
1600833900,801,541
1600835700,802,516
1600837500,806,15
1600841400,634,239
1600845000,790,220
1600859400,779,103
1600863000,780,9
1600864800,797,40
1600870200,800,1
1600872000,797,24
1600872600,780,124
1600876200,777,1153
1600880100,780,116
1600881900,799,1
1600883700,790,200
1600887300,795,70
1600889100,800,40
1600916700,801,5
1600927500,804,300
1600929300,750,3294
1600931100,747,3094
1600932900,781,1311
1600934700,754,6690
1600936500,748,5379
1600949700,797,2
1600954800,765,526
1600956600,759,605
1600958400,753,2693
1600962600,798,40
1600965900,784,89
1600969500,788,55
1600971300,800,10
1600973400,799,10
1600975200,759,452
1600980600,758,150
1600985100,781,20
1600986900,793,61
1600988700,799,51
1600990500,802,15
1600992300,806,5
1601004900,788,62
1601010300,805,120
1601015700,759,141
1601017500,760,142
1601019300,805,1
1601023200,804,2
1601025000,803,1
1601028600,804,63
1601030400,783,266
1601032200,762,676
1601034000,759,505
1601035800,800,32
1601039400,805,1
1601048400,801,30
1601053800,800,41
1601061000,798,1
1601070000,797,60
1601073600,799,15
1601075400,798,115
1601079000,799,3
1601089800,797,826
1601095200,799,40
1601099100,787,50
1601102700,755,4081
1601106300,756,3185
1601108100,797,80
1601111700,784,1
1601117100,755,129
1601120700,804,10
1601122500,756,437
1601124300,755,2446
1601127900,804,1
1601130000,755,645
1601135100,781,46
1601135400,792,33
1601137200,804,26
1601139000,810,1
1601142600,789,1176
1601144400,788,2278
1601146200,787,1979
1601149800,806,1
1601151600,787,11
1601153400,786,10
1601170200,808,101
1601182800,804,104
1601184600,803,150
1601186400,800,46
1601188200,779,571
1601195400,810,500
1601206200,767,452
1601212500,810,1
1601217300,766,22
1601219100,780,32
1601220900,802,272
1601222700,770,4981
1601224500,769,4840
1601226300,807,221
1601227500,821,322
1601228100,852,201
1601229900,851,161
1601231700,847,80
1601233500,842,50
1601235300,844,34
1601237100,788,159
1601238900,799,205
1601240700,840,50
1601249700,836,20
1601255100,835,170
1601260500,794,1
1601264100,792,10
1601267700,837,40
1601273100,836,1
1601286000,783,10
1601291400,753,40
1601302200,827,10
1601304000,698,616
1601305800,695,663
1601307600,741,87
1601309400,815,73
1601311200,809,43
1601314800,828,40
1601321700,801,60
1601323200,821,260
1601325600,828,200
1601328600,762,279
1601333100,824,20
1601340300,828,401
1601356500,827,5
1601360400,900,1
1601369400,899,20
1601371200,898,40
1601407800,875,30
1601409000,856,51
1601409300,875,30
1601409900,856,51
1601410200,830,51
1601411100,846,81
1601411700,830,54
1601415600,834,56
1601417100,844,16
1601418900,875,40
1601424300,890,101
1601434200,836,2
1601438100,842,30
1601439600,841,31
1601440500,839,1
1601442300,866,10
1601444100,865,39
1601445900,862,31
1601447700,883,6
1601449500,895,5
1601456700,882,25
1601462400,832,120
1601464200,823,100
1601466000,881,30
1601467800,837,131
1601469600,867,402
1601471400,882,341
1601472600,887,41
1601472900,882,341
1601473200,887,41
1601475000,870,2
1601475600,887,41
1601475900,870,2
1601478000,801,4025
1601480400,807,4550
1601481600,852,570
1601483400,862,20
1601485800,801,4147
1601489400,826,118
1601491200,818,88
1601493000,834,62
1601494800,821,112
1601496600,806,50
1601498400,838,31
1601500200,834,61
1601502000,830,30
1601514900,823,20
1601520300,834,100
1601525700,839,14
1601527500,845,34
1601531100,850,1
1601534700,761,1
1601536500,793,91
1601538300,778,169
1601540100,761,109
1601543700,810,300
1601545500,764,4952
1601545800,761,4652
1601550300,762,78
1601557800,782,1
1601562900,781,10
1601564400,780,210
1601565300,772,381
1601567100,764,4651
1601568900,765,4661
1601570700,798,181
1601576100,764,28
1601577900,776,38
1601579700,767,333
1601581500,766,517
1601588700,805,40
1601592300,780,50
1601599500,810,30
1601616000,809,130
1601623200,771,394
1601628600,811,1
1601633100,805,1
1601634300,771,103
1601636100,783,301
1601638200,789,7195
1601643900,869,34
1601645700,794,1520
1601647500,792,1487
1601649900,900,100
1601652900,880,101
1601658300,879,20
1601663700,808,3972
1601665500,802,3640
1601669100,878,20
1601672700,875,1
1601678100,874,100
1601685300,873,50
1601689200,874,3
1601710800,870,12
1601718000,867,1
1601720100,866,2
1601725500,860,10
1601729400,859,100
1601736900,850,100
1601744100,860,30
1601745900,826,389
1601747100,820,638
1601749200,817,279
1601751300,874,100
1601758500,821,30
1601763900,874,45
1601787300,873,1
1601790900,874,231
1601794500,849,41
1601796300,794,131
1601798100,829,211
1601800200,874,120
1601810400,873,32
1601815800,871,27
1601817600,851,872
1601819400,850,890
1601824800,837,101
1601826600,840,111
1601828400,869,113
1601832000,870,1
1601837400,871,500
1601841000,873,10
1601844300,841,4293
1601850300,872,27
1601857500,870,101
1601859300,869,101
1601870100,845,37
1601875500,868,1
1601877300,828,8
1601879100,823,7
1601884500,860,10
1601892000,771,4061
1601893800,770,8121
1601901300,837,200
1601904900,859,30
1601908500,873,8
1601912100,874,1
1601913900,799,1234
1601917800,836,1
1601919600,870,11
1601921400,874,10
1601926800,870,1
1601928600,865,14
1601930400,867,24
1601932200,869,11
1601934000,852,30
1601945700,843,4
1601949300,844,1
1601965800,669,295
1601967600,671,318
1601969400,698,21
1601971200,805,1
1601979900,785,30
1601987100,700,10
1601996100,696,76
1601997900,697,239
1602001500,696,1699
1602006900,746,10
1602012300,788,515
1602015900,785,10
1602021300,820,1
1602033300,824,100
1602036900,830,1
1602038700,828,23
1602040500,811,572
1602042300,816,661
1602044100,844,112
1602045900,847,1
1602047700,804,20
1602051300,710,2007
1602054900,746,1
1602058500,799,2
1602060600,739,196
1602062400,738,195
1602063900,730,168
1602064800,793,81
1602065700,794,80
1602080100,724,8923
1602081900,727,5535
1602083700,728,1352
1602085500,797,210
1602099000,750,18
1602100200,749,49
1602102000,750,3952
1602105000,748,3718
1602110700,795,30
1602112500,758,3
1602121500,757,41
1602123300,700,1
1602125100,755,1
1602128700,722,20
1602136200,791,1
1602143400,796,24
1602155100,797,1
1602156900,768,370
1602158700,761,7219
1602162300,762,2995
1602165900,843,10
1602173100,836,10
1602177000,835,21
1602178800,829,1
1602180300,800,3612
1602189300,817,107
1602194700,776,7
1602195900,810,87
1602197100,814,80
1602202800,818,116
1602206400,825,30
1602208200,824,31
1602220800,818,1000
1602224400,763,1938
1602236100,814,1
1602237000,788,2
1602238800,762,226
1602246000,814,21
1602249600,837,30
1602251400,819,230
1602253200,817,200
1602255000,830,13
1602256800,829,14
1602260400,798,1
1602262500,824,31
1602263400,798,1
1602264300,804,241
1602264600,778,3715
1602265500,804,241
1602266100,777,7873
1602270000,813,65
1602272100,810,101
1602273300,816,68
1602273600,810,101
1602273900,806,38
1602274200,816,68
1602274500,806,38
1602275400,763,92
1602277500,829,2
1602278100,763,92
1602278700,860,102
1602280800,861,101
1602284100,878,40
1602287700,890,20
1602293100,889,10
1602296700,853,220
1602298500,870,420
1602300300,889,200
1602304200,876,100
1602313200,877,1
1602322200,872,1
1602323100,739,15
1602323400,872,1
1602324000,739,15
1602325500,730,14
1602328500,700,9999
1602332400,810,50
1602341400,770,1
1602343200,744,128
1602344700,739,4524
1602349200,771,504
1602351000,775,458
1602351900,747,239
1602352200,775,458
1602352800,807,59
1602360000,809,50
1602361800,807,406
1602363600,808,457
1602364800,775,1281
1602365100,808,457
1602365400,773,2244
1602366000,775,1281
1602366600,772,2143
1602369900,810,5
1602386100,808,1
1602387900,781,19
1602389700,780,18
1602391500,809,30
1602396900,808,100
1602409800,770,1
1602414000,780,901
1602415200,777,989
1602416100,755,5087
1602417600,750,4600
1602421800,751,78
1602422700,750,4080
1602423000,751,78
1602423600,809,1
1602430200,802,20
1602432300,801,30
1602435900,802,1
1602452400,801,100
1602459900,800,100
1602463500,802,101
1602470700,772,116
1602483300,800,100
1602486900,799,100
1602490800,800,35
1602503400,790,110
1602505800,791,120
1602507000,798,10
1602512400,790,200
1602514200,787,216
1602516300,755,60
1602518100,759,1087
1602521700,799,22
1602523500,802,24
1602527100,794,354
1602528900,792,377
1602530100,757,2322
1602536100,758,398
1602537900,762,152
1602539700,824,17
1602546900,825,10
1602548700,887,121
1602550500,893,111
1602552300,892,60
1602554100,891,100
1602555900,890,40
1602564900,889,100
1602570300,900,1
1602576000,802,60
1602581400,790,10
1602583200,760,75
1602585000,756,6849
1602592200,800,1
1602595500,828,60
1602597300,827,61
1602599100,774,1981
1602602700,900,110
1602613800,899,3
1602615900,898,1
1602617400,899,50
1602621000,898,221
1602627600,890,11
1602629400,894,20
1602631200,897,610
1602634800,900,12
1602642000,890,11
1602647700,876,10
1602651300,875,1
1602656700,874,2
1602662100,873,1
1602675600,870,1
1602690000,868,50
1602691800,867,51
1602698100,865,132
1602702600,860,90
1602704400,859,190
1602708000,860,111
1602723900,858,1
1602729300,855,25
1602734700,845,50
1602738300,846,100
1602749700,867,50
1602753600,859,1
1602764100,822,30
1602765900,845,81
1602767700,860,151
1602769500,851,150
1602771300,833,50
1602780600,836,70
1602782400,847,1211
1602784200,848,1141
1602787800,835,31
1602798600,834,140
1602802200,835,100
1602829500,836,1
1602838500,877,30
1602842100,876,100
1602845700,879,29
1602848100,880,30
1602848700,879,29
1602849000,880,30
1602849600,810,7953
1602854700,899,7
1602856500,920,1
1602869100,835,220
1602871200,834,232
1602878400,833,30
1602885600,830,120
1602896400,829,50
1602911100,820,120
1602914700,788,21
1602918300,827,100
1602925500,828,1
1602927300,768,15
1602929100,820,114
1602930900,828,100
1602938400,823,108
1602939600,828,101
1602939900,765,142
1602941700,766,1487
1602945300,765,2018
1602947100,767,2294
1602948900,783,294
1602952500,828,1
1602956100,825,39
1602957900,784,120
1602959700,765,81
1602963300,826,41
1602966900,760,6569
1602970500,812,50
1602972600,810,80
1602974400,808,30
1602981600,826,30
1602987000,825,3
1602994200,815,3
1602996000,825,63
1602997800,826,60
1603001400,773,4242
1603016100,824,69
1603025700,820,100
1603032300,819,140
1603034100,818,62
1603035000,815,90
1603035900,813,50
1603037700,809,28
1603041000,815,10
1603042800,814,20
1603044600,813,100
1603048200,782,1201
1603052100,814,2
1603055700,813,120
1603057500,812,220
1603059300,811,125
1603061100,819,22
1603064700,820,200
1603066500,821,1200
1603068300,822,1100
1603070100,820,1
1603075800,803,30
1603077600,813,280
1603079400,815,250
1603090200,792,183
1603092000,800,283
1603093800,814,100
1603095600,803,200
1603099200,725,607
1603103700,814,40
1603104900,806,140
1603105200,814,40
1603105500,806,141
1603108200,803,101
1603110900,779,113
1603112700,768,2363
1603116300,810,51
1603118100,773,360
1603119900,771,339
1603121700,810,30
1603134300,768,46
1603137900,804,230
1603144200,768,37
1603149600,810,10
1603157100,786,30
1603166100,810,100
1603171500,786,3
1603175100,768,1898
1603176900,773,2160
1603178700,807,270
1603180500,800,8
1603184100,810,111
1603197600,709,642
1603201200,712,20
1603204800,770,31
1603208400,709,1504
1603215600,807,101
1603221000,808,120
1603224900,809,240
1603225200,808,226
1603226400,809,100
1603229100,810,30
1603250700,830,1
1603259700,847,2
1603263300,846,2
1603266900,847,25
1603302300,803,1
1603305900,804,1
1603312500,794,29
1603314300,793,2010
1603317300,829,31
1603320900,830,126
1603337100,826,65
1603338900,825,50
1603344600,830,40
1603346400,805,999
1603348200,804,970
1603363200,845,1
1603366800,847,1
1603368600,783,3412
1603375800,784,1985
1603377600,842,300
1603381200,814,100
1603388400,813,100
1603390200,812,150
1603393800,790,46
1603397400,812,100
1603405800,814,50
1603411500,810,50
1603427700,805,70
1603431300,803,43
1603434900,807,3
1603436700,810,22
1603446000,814,100
1603447800,813,120
1603451400,809,1
1603453200,745,4044
1603458600,748,17
1603460400,809,1
1603473000,808,100
1603482000,806,100
1603489500,809,1
1603491300,813,211
1603493100,812,238
1603494900,800,257
1603498800,814,100
1603504200,813,9
1603509600,805,98
1603511400,804,89
1603513200,813,111
1603515000,814,100
1603518600,847,1
1603525800,798,51
1603538400,746,57
1603541700,748,142
1603545300,803,31
1603547100,801,32
1603548900,750,9
1603556100,798,21
1603557900,765,202
1603559700,762,181
1603561500,760,1077
1603565100,787,20
1603574100,803,1
1603580400,802,3
1603582200,775,40
1603584000,783,57
1603587600,764,20
1603589400,803,20
1603607400,802,10
1603611000,771,1236
1603612800,765,5327
1603618500,766,1613
1603620300,770,433
1603622100,765,2825
1603625700,802,60
1603629300,800,20
1603632900,764,84
1603637400,765,1169
1603639200,764,116
1603644600,800,1
1603648200,802,102
1603650000,803,302
1603651800,804,201
1603653600,814,11
1603661100,779,134
1603662600,775,222
1603664400,782,246
1603666200,792,201
1603668000,797,140
1603673400,796,60
1603682400,785,68
1603684200,789,78
1603686000,814,10
1603693500,828,20
1603695300,826,31
1603697100,825,11
1603702500,824,12
1603704300,823,3
1603706100,824,21
1603707900,825,20
1603719000,768,144
1603724700,819,20
1603730100,813,5
1603731900,769,121
1603733400,767,116
1603737300,799,110
1603740900,800,101
1603746300,829,10
1603748100,834,20
1603749900,840,10
1603772100,830,50
1603781100,839,318
1603784700,840,1001
1603785000,839,1311
1603785300,840,1
1603793100,835,1000
1603797600,800,2
1603801200,765,3068
1603806600,835,3
1603808400,834,105
1603810800,824,2
1603811400,834,102
1603812000,824,2
1603812300,835,13
1603815600,839,1
1603821000,840,4
1603824600,838,121
1603828500,840,20
1603833600,836,21
1603838400,837,101
1603840800,835,109
1603841700,816,983
1603842000,835,109
1603842300,816,984
1603843200,817,1013
1603843800,816,984
1603844100,817,1013
1603845000,837,31
1603845900,817,1005
1603846200,837,31
1603855500,840,120
1603870200,838,202
1603873800,840,1
1603892100,751,63
1603893900,750,114
1603898700,751,5933
1603899600,752,4831
1603901400,750,4152
1603902300,752,4835
1603902600,750,4089
1603906200,773,1
1603906800,761,2
1603907100,773,1
1603908000,761,2
1603909800,749,1
1603911900,835,1
1603914300,830,1
1603917600,826,51
1603919700,830,100
1603921500,835,150
1603922700,834,151
1603926300,830,1000
1603941300,817,21
1603947900,816,300
1603949100,819,369
1603949400,816,300
1603949700,819,369
1603950900,834,69
1603956300,829,1
1603965300,752,8695
1603970700,825,101
1603972500,824,102
1603974300,752,966
1603983300,824,1
1603986900,776,256
1603989300,792,579
1603989600,776,380
1603990500,806,324
1603992300,796,487
1603994100,776,2206
1604001300,780,1
1604008800,800,2
1604010600,820,1
1604016000,818,1
1604027100,800,10
1604032500,795,10
1604036100,799,200
1604041500,770,2033
1604043300,764,3164
1604045100,755,1131
1604050500,818,11
1604052300,822,18
1604054100,820,207
1604059500,818,50
1604063100,770,2
1604068500,761,173
1604073900,827,210
1604077500,829,21
1604092200,918,1
1604104800,920,1
1604112000,827,4
1604115600,829,500
1604122800,801,110
1604128500,777,97
1604137500,985,1
1604150400,887,10
1604152200,844,330
1604154000,848,538
1604155800,844,1624
1604157600,843,1660
1604160000,882,354
1604161800,980,100
1604167200,881,130
1604174400,880,1
1604180100,969,1
1604181900,984,102
1604183700,985,133
1604194500,971,12
1604201700,985,1
1604216100,829,43
1604217900,824,54
1604219700,804,12
1604226900,980,10
1604234400,804,6544
1604238000,977,4
1604245200,975,100
1604270700,960,10
1604272500,957,30
1604273400,956,20
1604283600,954,1
1604296200,952,100
1604304000,889,34
1604310600,866,1
1604319600,939,11
1604325000,934,100
1604326800,933,167
1604328600,932,68
1604330400,930,11
1604334000,929,110
1604341500,924,1
1604348700,919,101
1604352300,916,1
1604354100,919,100
1604355900,863,751
1604356500,857,2333
1604357400,863,751
1604357700,857,2333
1604358300,855,2243
1604359500,866,10
1604361300,916,100
1604372700,866,21
1604381700,894,1
1604389800,890,10
1604397600,824,301
1604406600,812,8903
1604410200,882,86
1604412000,889,1
1604413800,876,1
1604421000,874,1205
1604424600,875,10
1604428500,874,40
1604433900,833,30
1604437200,813,20
1604442900,816,2155
1604444700,857,1770
1604447100,864,1295
1604458200,870,3
1604461800,868,115
1604474700,870,1
1604497200,833,20
1604502600,828,33
1604506200,820,3028
1604509800,817,184
1604518800,832,10
1604520600,817,1096
1604522400,818,2355
1604524200,819,1439
1604526000,817,190
1604527800,833,21
1604541300,848,100
1604546700,846,1
1604555700,847,1
1604557500,845,41
1604568600,683,11
1604569200,675,10
1604569500,725,21
1604571300,772,11
1604573100,732,127
1604578500,812,101
1604580300,735,315
1604582100,699,214
1604589300,700,206
1604593200,812,21
1604595000,744,4310
1604598600,811,101
1604600400,808,132
1604602200,748,1369
1604604000,743,1249
1604605800,810,1
1604610300,745,1279
1604612100,749,1379
1604613900,789,300
1604615700,779,201
1604616600,809,11
1604630400,811,31
1604637900,819,1
1604640300,818,2
1604642100,817,1
1604643900,780,1
1604649300,752,1770
1604653200,788,200
1604661900,787,20
1604669100,700,30
1604674500,786,30
1604681700,760,21
1604691000,782,200
1604694600,764,1
1604698200,763,200
1604705700,761,100
1604709300,759,30
1604712900,702,28
1604714700,679,20
1604716500,555,1
1604725800,751,50
1604733000,700,1
1604744100,680,1
1604753100,690,3165
1604756100,700,200
1604759700,696,925
1604761500,700,4243
1604763300,701,3547
1604765100,696,230
1604766900,756,1
1604768400,719,100
1604773200,720,40
1604780400,701,215
1604782200,704,254
1604782800,701,215
1604783400,713,70
1604783700,704,254
1604784000,720,40
1604785800,708,282
1604787600,709,842
1604787900,710,573
1604788800,709,842
1604789700,710,684
1604790300,709,842
1604790600,708,3699
1604805900,756,200
1604815200,785,270
1604822400,754,1
1604828100,785,100
1604833500,787,20
1604837100,757,20
1604841900,714,1
1604847300,757,10
1604859900,779,220
1604870700,778,113
1604871000,779,203
1604871300,778,113
1604873100,776,140
1604874900,777,130
1604876700,739,2
1604887500,776,1
1604891100,775,21
1604896500,776,158
1604900100,777,100
1604907600,754,5150
1604911200,775,1
1604918400,773,11
1604921400,772,12
1604923200,770,1
1604926800,701,61
1604930400,773,100
1604948400,772,53
1604959500,767,41
1604963700,768,200
1604970900,770,50
1604974500,773,25
1604978100,764,180
1604979900,700,20
1604983500,740,25
1604985300,768,338
1604986200,771,313
1604986800,768,338
1604987100,771,322
1605004800,773,40
1605009600,772,20
1605020400,752,4203
1605027600,762,209
1605029400,773,100
1605038400,770,60
1605045600,792,321
1605047400,784,406
1605049200,758,120
1605051300,763,65
1605053100,769,30
1605057600,772,1
1605062400,787,60
1605063000,790,80
1605063300,787,60
1605063900,790,80
1605071100,792,5
1605087300,790,100
1605100200,759,100
1605105600,786,1
1605111000,787,280
1605114600,778,11
1605116400,719,1
1605118200,788,1000
1605123600,720,97
1605125400,722,101
1605126300,779,4
1605126600,722,101
1605126900,779,4
1605129900,787,125
1605132000,781,149
1605132600,760,461
1605132900,781,149
1605133200,760,461
1605133500,751,346
1605134100,760,461
1605134400,751,346
1605135300,764,522
1605135900,751,346
1605136200,764,522
1605136800,787,200
1605139800,786,130
1605163200,785,1
1605168900,784,1
1605170400,751,1002
1605175800,782,160
1605192300,783,10
1605204900,752,3279
1605211800,780,20
1605212400,779,24
1605213600,773,8
1605217200,767,4
1605218400,747,69
1605221100,765,1
1605225000,763,1
1605226800,698,11
1605228600,692,10
1605239400,764,2
1605243300,763,100
1605270900,764,210
1605278100,692,1
1605279900,680,3
1605281700,674,2
1605292200,685,2368
1605296100,764,3
1605301800,758,60
1605303600,748,20
1605304500,753,30
1605304800,748,20
1605305400,720,9943
1605314400,760,90
1605324000,748,101
1605333000,757,1
1605338100,760,1
1605348000,759,1300
1605359700,700,171
1605365100,738,8
1605366900,676,2
1605368700,757,1200
1605374100,693,197
1605375900,703,1059
1605378000,706,862
1605378300,705,863
1605378600,706,862
1605378900,705,863
1605379200,706,862
1605385200,708,435
1605388800,710,1
1605392400,743,1
1605396000,753,60
1605401400,760,200
1605405300,759,11
1605406800,750,200
1605408900,748,259
1605410100,743,159
1605420300,760,100
1605448500,759,10
1605453900,756,100
1605463200,757,20
1605468600,742,1
1605474600,756,301
1605475800,757,351
1605476100,756,301
1605476400,757,351
1605477600,758,851
1605478200,760,551
1605479100,758,851
1605479400,760,501
1605481200,758,51
1605495300,782,20
1605504600,747,190
1605518100,717,2390
1605523500,741,20
1605544800,752,5621
1605549000,839,1
1605553500,835,20
1605560100,833,10
1605560400,835,200
1605560700,753,606
1605561000,833,10
1605561300,753,606
1605564300,835,30
1605564600,755,626
1605565200,835,30
1605566100,836,41
1605567900,839,11
1605580500,824,40
1605589800,827,200
1605595200,835,200
1605599100,777,208
1605600900,768,361
1605618600,825,1
1605622200,820,20
1605631500,785,322
1605633300,774,1628
1605633600,771,5628
1605635100,770,9446
1605636900,771,4420
1605637200,770,8420
1605637800,771,4420
1605638700,770,452
1605651300,820,1
1605660300,833,80
1605665700,850,100
1605673200,849,1
1605678600,848,26
1605685500,770,1188
1605693600,844,1
1605695400,843,47
1605701700,844,6
1605703800,815,150
1605707400,795,100
1605720600,794,3
1605724500,795,4500
1605728100,810,6
1605730200,838,131
1605731400,833,145
1605733200,795,20
1605744900,847,100
1605751500,846,60
1605753600,845,20
1605758700,840,100
1605762900,787,10
1605764400,806,15
1605765900,802,18
1605766200,822,8
1605768600,787,3
1605768900,822,8
1605773100,756,1909
1605778500,752,906
1605782100,743,4260
1605783900,717,1102
1605786000,814,1
1605788400,810,21
1605792600,814,1
1605794400,721,61
1605794700,814,1
1605795000,721,61
1605796800,720,60
1605799800,790,20
1605801600,731,121
1605801900,790,20
1605802200,731,121
1605803700,749,201
1605805800,781,150
1605807000,732,1250
1605807300,781,150
1605807600,733,1437
1605809400,732,1406
1605810600,743,206
1605810900,732,1406
1605811200,743,206
1605811500,730,19
1605812100,743,206
1605812700,730,19
1605816600,735,1344
1605818100,807,102
1605820200,739,2
1605823800,741,10
1605825600,748,110
1605827400,749,2051
1605843600,849,1000
1605854400,850,510
1605858000,751,157
1605863400,752,31
1605865500,751,30
1605872700,754,12000
1605874500,755,10126
1605876300,751,2098
1605879600,755,2322
1605880200,783,350
1605880500,755,2322
1605881400,783,350
1605881700,808,200
1605885300,751,884
1605892500,754,1
1605897300,752,1832
1605905100,850,6
1605910500,847,200
1605914100,845,1
1605915900,838,11
1605927000,839,100
1605932400,835,1
1605936000,837,60
1605941400,838,1
1605947100,802,36
1605967200,804,149
1605972600,818,796
1605974400,814,1229
1605976800,804,810
1605983100,842,21
1605987900,840,8
1605989700,778,902
1605990000,840,9
1605990600,779,1173
1605991200,778,902
1605991500,779,1173
1605993300,781,968
1605993600,779,1861
1605993900,781,968
1605997200,870,1
1606002900,995,16
1606012500,994,15
1606021500,995,20
1606033800,876,1459
1606035600,850,9642
1606037400,846,8435
1606041000,840,436
1606042800,762,31
1606048200,995,1
1606051800,762,50
1606061100,720,4221
1606065000,760,30
1606069800,758,22
1606070400,724,451
1606071300,723,2527
1606071900,724,451
1606072200,723,2527
1606076400,995,10
1606079700,964,32
1606081200,948,21
1606092000,985,1
1606093800,984,31
1606128000,975,4
1606140600,843,3
1606141200,809,13
1606143000,800,10
1606150200,801,300
1606154100,975,10
1606155900,939,12
1606157700,759,3
1606159200,761,2
1606163400,968,1
1606166700,967,15
1606176600,962,100
1606182600,957,20
1606186500,825,1000
1606188300,826,1010
1606189800,957,10
1606195800,920,10
1606202700,720,6147
1606206600,958,1
1606208400,956,10
1606222800,841,30
1606224600,714,5864
1606225800,718,6034
1606226100,714,5864
1606226400,718,6034
1606228200,839,200
1606237200,801,20
1606239300,826,60
1606239600,801,20
1606240500,826,60
1606240800,839,40
1606253700,838,1020
1606257300,745,630
1606260900,791,12
1606262700,754,1
1606264500,753,11
1606269900,756,211
1606271700,758,350
1606273500,760,139
1606273800,777,39
1606274400,760,139
1606290300,748,170
1606292100,749,4273
1606293900,748,9929
1606311600,680,415
1606319100,767,20
1606320900,735,87
1606322700,726,739
1606329900,731,1068
1606330200,726,204
1606330500,731,1068
1606331700,733,979
1606333500,737,144
1606334100,733,969
1606334400,737,144
1606334700,748,349
1606335000,737,144
1606335300,748,349
1606335600,746,472
1606335900,748,349
1606336200,746,472
1606337100,740,2325
1606338000,741,2528
1606338600,740,2428
1606338900,739,6224
1606344900,742,120
1606346700,744,1212
1606348500,755,1392
1606350000,794,303
1606351800,770,42
1606353900,769,1040
1606359000,768,80
1606364700,769,1000
1606368300,768,100
1606370100,769,320
1606373700,771,1
1606377300,740,4035
1606388100,760,161
1606390500,759,162
1606392000,752,2
1606394400,760,3
1606404300,758,300
1606410000,757,100
1606415400,749,1545
1606416000,745,1246
1606416300,749,1545
1606416600,745,1246
1606416900,749,1545
1606417200,745,1246
1606426200,760,200
1606429800,769,20
1606433400,768,1
1606437000,769,100
1606438200,768,101
1606438500,769,100
1606444500,767,80
1606447800,768,100
1606456500,769,100
1606461900,730,68
1606464000,735,80
1606465800,772,60
1606477800,735,152
1606478400,739,410
1606479300,735,152
1606479900,740,497
1606480800,742,354
1606481400,740,497
1606481700,742,348
1606487100,800,1
1606492200,842,1
1606494300,841,2
1606495800,840,1
1606508700,839,250
1606523400,842,20
1606527000,812,103
1606527300,842,23
1606527600,812,103
1606532700,811,1206
1606545900,812,101
1606551300,786,228
1606558500,802,100
1606562100,761,1000
1606562700,764,1100
1606563300,761,1000
1606566000,812,10
1606568100,761,824
1606573500,797,1
1606583100,762,1036
1606592100,800,1
1606595700,793,1
1606606800,790,1
1606608600,789,52
1606615500,781,160
1606619400,789,50
1606623000,791,30
1606623300,789,80
1606623600,791,30
1606624500,792,120
1606637400,800,20
1606639200,765,2634
1606653600,798,60
1606657500,783,1
1606659300,781,211
1606661100,776,320
1606662900,769,2462
1606663200,772,2662
1606663800,769,2462
1606664700,773,2753
1606667100,796,501
1606668300,795,100
1606675500,797,2200
1606679400,789,27
1606681200,766,1234
1606684800,795,101
1606685100,796,100
1606685400,795,101
1606685700,796,100
1606688400,793,60
1606690800,783,360
1606692000,782,300
1606697400,783,100
1606713900,777,20
1606722900,799,1
1606724700,788,12
1606726500,792,23
1606728300,798,22
1606737300,797,20
1606742700,735,2000
1606748100,795,1
1606750200,735,488
1606755900,736,2037
1606758300,747,245
1606758900,736,2231
1606759800,735,194
1606766400,798,10
1606768200,752,4111
1606771800,780,677
1606773600,806,332
1606775400,845,11
1606782900,776,60
1606802700,800,1
1606808700,780,2884
1606820700,844,1
1606833600,818,1
1606839000,824,1
1606845600,819,550
1606849200,800,71
1606849500,819,571
1606849800,825,1
1606852200,824,110
1606855200,815,1
1606859100,823,5
1606862400,799,2
1606864200,819,33
1606866000,821,31
1606885800,814,20
1606894800,812,11
1606914900,813,20
1606916700,782,276
1606918500,780,4473
1606928700,785,68
1606930200,812,12
1606932300,797,2
1606934100,783,1
1606948800,814,1
1606962900,810,89
1606966500,791,20
1606985700,753,1
1606991100,815,1
1606992900,752,196
1607011500,779,44
1607015400,778,4
1607018700,830,1
1607020200,829,21
1607022300,823,1964
1607022900,819,2931
1607023800,818,2911
1607024100,819,2931
1607024400,818,2911
1607025600,810,967
1607026200,830,15
1607026500,810,967
1607027400,830,15
1607029800,816,135
1607031600,783,1152
1607033400,779,1017
1607033700,783,1152
1607034000,779,1017
1607034300,783,1152
1607034600,779,401
1607035500,829,30
1607037300,828,50
1607042700,815,20
1607051100,828,11
1607066700,777,84
1607068500,768,185
1607070300,761,101
1607093700,741,101
1607100000,751,458
1607101800,753,400
1607109000,745,30
1607110800,741,19
1607114400,820,500
1607116200,812,748
1607118000,799,258
1607119800,818,10
1607124000,800,30
1607133000,789,30
1607134500,811,130
1607136600,818,100
1607138400,817,10
1607156700,741,1065
1607158500,746,1165
1607160300,810,100
1607162100,741,110
1607191200,751,158
1607193000,760,245
1607194800,776,87
1607198400,751,49
1607203800,759,63
1607205600,751,2137
1607209200,805,115
1607212800,804,621
1607229300,807,25
1607231100,806,26
1607243700,750,1
1607245500,751,1973
1607249400,785,1453
1607253000,802,10
1607258400,783,4073
1607262000,800,1
1607267700,798,100
1607273100,800,80
1607280600,758,216
1607282400,756,2778
1607285400,758,2637
1607285700,756,2612
1607286000,800,141
1607296800,759,2143
1607300400,775,52
1607309400,776,2
1607318400,800,1
1607327400,780,9
1607334900,750,2000
1607338500,798,30
1607344200,750,4832
1607351400,775,40
1607356800,795,40
1607366100,740,500
1607379000,771,106
1607384400,769,40
1607406300,773,100
1607409900,730,14
1607411700,706,63
1607413500,679,72
1607415300,648,51
1607417100,659,28
1607422800,699,203
1607426400,700,1
1607433600,701,4091
1607444400,708,17
1607446200,710,10
1607448000,720,92
1607455200,790,10
1607458800,752,332
1607460600,736,234
1607461800,731,189
1607462100,736,234
1607462400,788,2
1607464200,789,1
1607466300,731,4287
1607468100,760,2
1607469900,790,1
1607477100,785,1
1607490900,790,100
1607501100,786,43
1607502900,778,13
1607504700,734,4138
1607521500,736,2054
1607523300,739,2354
1607525100,738,3107
1607527200,736,3516
1607536500,743,81
1607538300,736,81
1607547300,739,22
1607549100,736,4250
1607552700,742,500
1607554500,752,121
1607556300,740,235
1607565300,758,4
1607572800,757,4
1607584800,758,5
1607588400,702,2036
1607599200,757,30
1607614200,756,20
1607616000,753,70
1607621400,732,40
1607623200,738,60
1607625000,732,528
1607628600,733,181
1607630400,759,11
1607645100,784,70
1607655900,783,10
1607661300,784,10
1607685000,740,5288
1607686800,760,30
1607692200,735,313
1607695800,733,2791
1607699400,732,176
1607710200,759,41
1607719500,756,4
1607724900,757,1000
1607726700,756,1021
1607728500,741,26
1607730300,758,5
1607733900,760,130
1607737500,759,120
1607762700,709,1
1607764500,706,2
1607777400,745,100
1607782800,684,154
1607793600,709,81
1607795700,708,10
1607797500,694,22
1607799300,684,12
1607801100,708,100
1607802900,707,101
1607804700,706,200
1607810100,704,129
1607811900,690,430
1607813700,684,301
1607817300,708,100
1607826300,709,11
1607855400,738,10
1607859000,737,10
1607866200,708,15
1607868000,690,1002
1607869800,692,1037
1607871600,738,150
1607873400,737,130
1607875500,722,276
1607877300,721,262
1607880900,723,548
1607882700,721,2913
1607891700,737,1
1607895300,721,143
1607897100,727,234
1607898900,737,91
1607902500,738,200
1607906100,740,10
1607918700,739,103
1607920500,728,3
1607924100,727,30
1607928000,740,31
1607935200,692,1
1607949600,725,25
1607951400,705,125
1607953500,700,300
1607955300,699,301
1607957100,687,297
1607958900,681,196
1607967900,708,6
1607969700,735,4
1607971500,729,865
1607973300,727,912
1607975100,693,48
1607982300,694,2330
1607985900,693,1540
1607991600,740,100
1607998800,739,10
1608002400,740,300
1608004200,739,340
1608011400,745,40
1608018600,719,126
1608020400,723,146
1608022200,745,20
1608031200,759,1
1608040500,757,22
1608047700,758,1
1608063900,780,1
1608065700,759,22
1608067500,758,21
1608071100,779,30
1608093000,685,12
1608100200,778,100
1608107400,779,1
1608111000,745,10
1608116400,682,15
1608120300,738,1
1608122100,771,7
1608123900,777,6
1608132900,775,20
1608134700,774,95
1608149100,775,31
1608150900,774,53
1608160200,773,10
1608169200,774,30
1608176400,772,30
1608183600,770,30
1608192600,774,20
1608196200,771,20
1608207300,772,20
1608218100,739,219
1608227100,749,322
1608229200,747,403
1608230700,741,82
1608232800,772,210
1608236400,774,101
1608258300,776,100
1608266400,777,1
1608276900,780,1
1608295200,779,20
1608322200,699,128
1608330000,779,60
1608342900,780,14
1608359100,781,100
1608382500,770,1
1608395400,777,500
1608404400,779,41
1608408000,778,100
1608415200,738,235
1608417000,736,408
1608418800,737,357
1608420900,735,163
1608424500,778,150
1608467700,777,10
1608475200,727,37
1608477000,754,376
1608478800,749,692
1608480600,731,1269
1608482400,727,2012
1608496800,773,51
1608511500,765,1
1608515100,779,10
1608522300,765,72
1608528000,779,1
1608541200,780,25
1608548400,949,1
1608553800,925,101
1608579300,826,10000
1608599100,820,10
1608624600,750,1
1608626400,753,2
1608628200,757,1
1608630000,820,1
1608642900,751,2132
1608648300,805,497
1608650100,806,500
1608651900,788,20
1608659100,818,100
1608660900,810,151
1608662700,813,251
1608664500,818,201
1608666300,778,131
1608668100,757,981
1608669900,754,1044
1608671700,755,194
1608673500,754,1
1608680700,818,101
1608686400,819,20
1608688200,824,110
1608690000,826,90
1608715200,805,1
1608722700,804,100
1608729900,760,338
1608740700,800,3
1608747900,760,2166
1608753600,762,696
1608755400,764,909
1608757200,780,316
1608759000,778,281
1608760800,762,267
1608766200,782,205
1608768000,800,110
1608773400,804,30
1608787800,765,30
1608793200,805,10
1608798600,763,10
1608804000,930,60
1608822300,940,10
1608831300,900,3
1608845700,898,60
1608854700,900,100
1608892800,940,1
1608896400,950,1
1608916500,948,40
1608921900,950,50
1608923700,949,60
1608925500,945,10
1608929100,950,1
1608932700,934,200
1608934500,936,230
1608936300,949,32
1608943500,933,41
1608948900,950,20
1608965400,919,1
1608970800,947,1
1608996000,880,30
1609004400,947,5
1609009800,950,20
1609011600,948,71
1609024200,930,5
1609027800,919,5
1609031400,920,200
1609035000,945,11
1609051500,916,100
1609053300,933,200
1609055100,950,100
1609069500,941,100
1609074900,940,1
1609084200,939,100
1609086000,938,110
1609087800,924,130
1609089600,930,220
1609091400,938,100
1609093200,940,1
1609096800,930,170
1609098600,934,220
1609100400,950,50
1609129500,948,530
1609140300,950,60
1609160400,2075,100
1609165800,2499,1
1609171200,975,30
1609178700,948,71
1609185900,1375,100
1609189500,957,51
1609193100,954,1
1609198500,1375,1
1609205700,940,3
1609209300,918,347
1609233000,1076,21
1609234800,1059,90
1609236600,1054,69
1609238700,1081,1
1609240500,1064,111
1609242300,1063,110
1609244100,986,100
1609253100,1200,14
1609262100,1000,100
1609271400,950,100
1609282200,951,51
1609285800,950,678
1609321800,930,1
1609334700,967,1
1609338300,807,5
1609341900,950,40
1609343700,943,90
1609345500,924,60
1609347600,841,32
1609349400,777,47
1609351200,725,270
1609353000,726,246
1609354800,939,1
1609356600,938,20
1609358400,937,42
1609362000,938,221
1609367400,937,10
1609400100,865,6
1609405500,822,1
1609409100,782,34
1609412700,819,108
1609418100,782,21
1609422000,819,150
1609423800,891,51
1609427400,897,60
1609434600,863,2
1609445400,862,11
1609449000,849,20
1609459800,861,50
1609461600,860,51
1609469100,863,20
1609481700,865,1
1609501500,900,100
1609517700,905,20
1609526700,910,100
1609530300,909,2
1609539600,949,10
1609546800,948,1
1609559400,949,50
1609566600,948,1
1609581000,935,1
1609590300,949,1
1609599300,948,1
1609602900,924,50
1609610100,944,105
1609617600,2499,101
1609621200,1000,30
1609623000,1032,31
1609624800,2000,1
1609630200,2099,10
1609637400,1997,20
1609639200,1989,25
1609641000,1960,5
1609648500,1821,1
1609661100,1399,112
1609662900,1398,213
1609671900,1331,30
1609673700,1333,31
1609675500,1397,5
1609682700,1819,201
1609686300,1821,33
1609704300,1814,40
1609707900,1797,100
1609709700,1799,140
1609711500,1805,41
1609713600,1765,1
1609717200,1700,20
1609724400,1696,40
1609726200,1695,41
1609728000,1694,1
1609742400,1300,11
1609764300,1147,7
1609766100,1113,4
1609767900,1193,200
1609773300,997,29
1609776900,1192,100
1609782300,1189,150
1609789500,1149,10
1609796700,946,30
1609800300,1100,40
1609802400,1124,80
1609804200,1149,40
1609813200,1143,8
1609816800,950,10
1609825800,931,70
1609831200,870,31
1609836600,931,50
1609843800,929,10
1609849200,931,50
1609865100,958,200
1609868700,980,21
1609874100,940,20
1609882800,930,30
1609884900,897,40
1609886700,799,11
1609910400,934,200
1609921200,925,10
1609926900,885,10
1609934400,924,5
1609940100,800,1
1609941900,893,101
1609943700,867,139
1609945500,809,108
1609947300,814,68
1609953900,799,7
1609960500,949,1
1609962300,973,11
1609964100,949,110
1609964400,973,11
1609964700,946,100
1609965300,949,110
1609965900,946,100
1609970100,792,43
1609970400,843,93
1609970700,792,43
1609971000,843,93
1609971300,792,43
1609971600,796,2290
1609973400,794,2197
1609975200,930,21
1609998600,794,400
1610005800,799,1
1610009400,750,631
1610013000,857,50
1610023200,856,234
1610024400,857,233
1610024700,845,13
1610030100,856,1
1610031300,793,10
1610033700,786,9
1610035500,857,201
1610039700,849,21
1610047200,850,1
1610051100,849,70
1610057400,850,1
1610068200,840,10
1610079600,800,10
1610087400,817,20
1610096400,858,1
1610100000,856,100
1610105700,788,45
1610112900,857,1
1610113800,785,101
1610132400,817,100
1610134800,752,1139
1610137800,751,1089
1610139600,777,50
1610141400,751,50
1610145900,758,188
1610147700,773,68
1610149500,753,484
1610151300,763,584
1610153100,816,100
1610156700,817,24
1610176500,844,30
1610181900,835,10
1610196600,755,1408
1610205600,767,39
1610206500,754,8
1610208300,770,100
1610212800,754,3003
1610216400,772,436
1610218200,800,150
1610221800,767,453
1610223600,758,353
1610231400,760,179
1610235600,799,1000
1610253600,800,20
1610262900,700,12
1610264700,703,52
1610266500,705,140
1610270100,730,2
1610277300,775,3
1610279100,710,2522
1610282700,819,1
1610284500,726,91
1610289900,800,20
1610295300,740,4703
1610304300,785,200
1610306400,784,210
1610312700,785,50
1610320800,747,200
1610322600,746,354
1610324400,745,154
1610328000,800,480
1610340600,838,100
1610346000,787,400
1610349600,844,101
1610351400,845,100
1610355000,745,1001
1610358600,747,238
1610362200,814,10
1610364300,810,460
1610372400,783,900
1610374200,765,1942
1610376300,758,2037
1610377800,768,1015
1610379300,777,676
1610379600,768,997
1610380200,789,20
1610382300,750,125
1610385300,753,552
1610385600,750,321
1610385900,753,511
1610387400,751,1270
1610388900,750,1274
1610389500,751,1044
1610389800,750,1271
1610394900,810,1000
1610403000,776,20
1610404800,768,162
1610406600,767,143
1610406900,768,163
1610407200,767,143
1610409000,756,485
1610412600,809,40
1610421600,810,1
1610423400,809,201
1610437800,858,1
1610446800,855,20
1610457900,794,10
1610463300,854,1
1610467500,803,61
1610469600,825,111
1610469900,803,2037
1610473200,802,2022
1610478600,869,10
1610493300,865,401
1610507700,868,10
1610524200,869,11
1610526000,868,11
1610531400,917,1
1610533200,836,62
1610535000,835,3920
1610540400,998,1
1610559000,997,1
1610569500,996,32
1610569800,997,2
1610570100,996,32
1610571900,995,31
1610579100,1244,1
1610582700,1148,20
1610589900,956,10
1610591700,1098,65
1610593500,1123,55
1610597100,999,10
1610598900,1016,50
1610600700,1021,40
1610606100,986,40
1610616900,1000,60
1610622600,1050,2
1610630400,1104,1
1610639700,1103,10
1610643300,1101,1
1610649000,994,10
1610662500,1004,50
1610664000,1082,261
1610665800,1101,211
1610667300,1102,77
1610670900,1000,44
1610672700,958,31
1610676300,822,10
1610682000,1024,300
1610689200,999,20
1610700300,850,1
1610709300,800,1
1610714700,849,1
1610724900,868,101
1610725200,849,51
1610725500,868,101
1610726100,888,50
1610730600,995,1
1610736300,844,50
1610745900,865,21
1610746800,879,71
1610747400,865,21
1610748000,888,66
1610749800,889,55
1610750700,932,5
1610751600,992,1
1610764500,987,20
1610766300,981,57
1610767500,987,20
1610767800,977,137
1610784600,987,42
1610799300,896,2
1610806500,814,1553
1610812200,980,1
1610814000,814,1884
1610815800,815,4841
1610817600,932,71
1610817900,815,4460
1610818500,932,71
1610819400,908,31
1610820600,947,91
1610821200,908,31
1610821500,947,91
1610822400,967,61
1610823300,968,60
1610823900,967,61
1610824200,968,60
1610827800,953,21
1610828100,865,1
1610828400,953,21
1610830800,958,20
1610831100,953,21
1610831700,958,20
1610843100,953,10
1610851200,940,50
1610859900,939,111
1610883600,881,200
1610901900,833,200
1610907300,863,18
1610908800,857,28
1610910900,859,41
1610911500,860,58
1610911800,859,41
1610912100,863,31
1610912400,859,41
1610912700,863,31
1610916900,930,30
1610920200,904,11
1610925300,903,561
1610925600,904,700
1610925900,903,501
1610927700,822,1
1610929500,882,200
1610930100,865,8
1610930700,882,200
1610932800,859,312
1610933400,822,120
1610934000,859,312
1610934300,822,120
1610959500,900,1
1610966700,882,2
1610972100,800,100
1610972400,805,130
1610973000,800,100
1610973300,805,130
1610973600,800,100
1610973900,805,130
1610976000,823,30
1610978700,767,2
1610979600,753,34
1610990400,755,492
1610997900,850,1
1610998800,758,4053
1610999400,850,1
1610999700,758,4053
1611005400,850,30
1611008700,835,1239
1611009600,764,3959
1611010200,835,1239
1611010500,764,3985
1611016500,800,20
1611032700,823,10
1611039600,841,113
1611039900,823,13
1611040200,841,113
1611042000,768,1626
1611043200,764,1526
1611060300,839,100
1611070200,823,50
1611072000,813,70
1611072900,789,35
1611073800,826,135
1611074100,789,35
1611074400,826,135
1611076200,829,125
1611077400,789,110
1611089400,787,20
1611095700,783,3
1611097500,785,8
1611099300,786,5
1611101400,761,376
1611105000,786,200
1611122700,789,10
1611131100,754,901
1611134700,789,10
1611144900,752,2317
1611148800,747,109
1611150600,748,208
1611152400,750,200
1611156000,710,33
1611162900,785,11
1611168300,678,11
1611170100,683,13
1611171300,710,5
1611171600,683,13
1611172200,719,4
1611174300,725,2
1611175800,750,180
1611183000,724,813
1611184800,735,1013
1611186600,778,200
1611188700,750,30
1611193800,749,53
1611197700,750,5
1611219300,740,161
1611221100,710,8053
1611226800,719,1
1611230400,749,1
1611232200,734,2
1611234000,719,1
1611236700,747,105
1611239700,737,15
1611240000,747,115
1611240300,748,11
1611240600,737,15
1611240900,748,11
1611253500,715,122
1611254100,748,1
1611254400,715,122
1611260100,747,1
1611264600,750,1
1611264900,720,5295
1611268500,721,5494
1611268800,750,220
1611269100,721,5494
1611269400,750,220
1611272100,756,50
1611273900,758,130
1611275700,760,80
1611286500,737,50
1611290100,750,101
1611302700,748,1
1611308100,704,113
1611320100,722,11
1611323700,719,100
1611325500,710,268
1611327300,705,168
1611328500,760,100
1611329100,725,258
1611329400,760,100
1611329700,725,258
1611330000,760,100
1611330300,758,183
1611332400,756,100
1611333600,704,2667
1611338100,719,100
1611338400,760,25
1611338700,719,100
1611339000,760,25
1611341400,759,27
1611341700,760,25
1611342000,759,27
1611346800,780,1
1611348000,740,127
1611348300,731,554
1611348900,738,654
1611349200,731,554
1611349500,738,654
1611351300,780,100
1611351600,738,653
1611352200,780,100
1611354000,758,6
1611355800,734,531
1611359400,764,17
1611361500,769,15
1611368700,770,5
1611370500,774,125
1611372300,775,120
1611374400,790,2
1611394800,796,8
1611403800,757,194
1611412200,756,273
1611414000,762,68
1611415800,799,65
1611417600,756,3948
1611425100,799,31
1611425400,757,1123
1611426300,799,40
1611427500,800,10
1611427800,799,40
1611428100,800,10
1611436500,760,533
1611438300,762,661
1611440100,781,232
1611441900,798,104
1611447300,800,100
1611450900,796,34
1611473100,800,2
1611489600,799,1
1611493200,778,100
1611496800,703,1
1611497400,778,100
1611497700,703,1478
1611501300,708,604
1611501600,703,2051
1611502200,778,30
1611502500,708,604
1611502800,778,30
1611504300,717,426
1611504600,778,30
1611504900,717,426
1611505800,713,396
1611507900,723,363
1611509700,772,66
1611510000,773,65
1611510900,772,66
1611511500,713,5
1611511800,773,65
1611512100,713,5
1611513600,714,11
1611513900,716,269
1611517200,800,1
1611522300,799,202
1611522600,800,200
1611522900,799,202
1611524700,780,4
1611525300,783,5
1611525600,779,4
1611525900,780,4
1611526500,798,3
1611528300,791,35
1611530100,737,722
1611531900,746,790
1611533700,813,152
1611535500,843,450
1611537300,850,490
1611546300,876,1
1611555300,899,130
1611557100,898,300
1611560700,847,31
1611571800,704,4039
1611578400,716,259
1611582600,840,85
1611584700,760,252
1611586500,720,168
1611586800,760,253
1611587100,720,168
1611591900,777,1
1611609300,838,1
1611611100,801,512
1611611400,838,11
1611612000,801,511
1611613200,802,636
1611615000,801,495
1611616800,829,460
1611618600,834,401
1611631500,837,30
1611633300,763,603
1611635100,759,578
1611637200,754,15
1611639000,728,75
1611640800,726,66
1611648000,836,50
1611658800,837,1
1611666000,731,4097
1611669600,761,202
1611671400,786,102
1611673200,787,131
1611685800,748,1
1611687600,740,51
1611688200,761,113
1611688500,740,51
1611689400,780,451
1611691200,785,400
1611692400,787,338
1611694800,820,520
1611705600,748,585
1611707400,754,685
1611709200,789,100
1611718200,820,30
1611720000,819,131
1611723600,820,43
1611734400,835,1
1611754500,799,40
1611763800,830,20
1611768600,792,100
1611776700,824,30
1611784500,825,10
1611784800,824,20
1611785100,825,10
1611785400,824,20
1611786000,825,10
1611788400,829,200
1611811800,833,50
1611818700,835,100
1611820200,834,101
1611822300,792,1
1611823800,835,1
1611831300,700,351
1611836700,753,1
1611838500,750,371
1611843900,753,20
1611845700,751,190
1611846000,753,21
1611846300,751,190
1611848100,750,1686
1611854700,826,282
1611855000,774,548
1611855300,762,448
1611855600,826,282
1611856800,830,270
1611857100,826,281
1611857700,758,1102
1611858000,765,1111
1611858300,751,1103
1611858600,758,1202
1611858900,751,1104
1611860400,752,1400
1611860700,751,1135
1611861000,755,489
1611861300,752,1400
1611861900,755,297
1611863700,758,43
1611864300,757,4
1611864900,758,43
1611869400,830,400
1611873000,761,32
1611874800,760,235
1611876600,774,303
1611876900,772,334
1611878400,825,130
1611878700,883,36
1611879300,825,130
1611879900,883,36
1611881700,900,30
1611882300,803,17
1611887700,900,20
1611889200,862,60
1611891000,843,40
1611895200,875,70
1611895800,857,53
1611896100,875,70
1611897000,891,100
1611898200,929,47
1611907800,700,7706
1611921600,726,101
1611930900,803,1
1611932700,725,159
1611933300,803,11
1611933600,725,159
1611942600,832,20
1611948600,827,100
1611954300,826,295
1611956100,823,228
1611957900,810,33
1611958200,823,228
1611958500,810,33
1611966000,803,10
1611967500,804,40
1611969900,805,30
1611974100,819,7
1611975900,798,22
1611977700,789,15
1611981000,750,1
1611988500,703,73
1611990600,789,3
1611990900,703,73
1611991200,789,3
1611992400,794,400
1611993000,793,409
1611994800,796,209
1612005900,800,300
1612007700,772,701
1612008000,786,380
1612008600,772,701
1612009500,751,402
1612009800,772,702
1612010100,751,402
1612011000,755,322
1612011300,735,1
1612022700,780,3
1612024200,785,4
1612026000,784,3
1612026300,800,1
1612030800,756,364
1612035600,818,9
1612044900,816,30
1612048500,757,812
1612052100,814,11
1612055700,812,200
1612068300,783,30
1612070100,741,1040
1612071900,801,11019
1612073700,807,10009
1612079400,734,384
1612086600,814,10
1612093800,760,3
1612095600,752,807
1612097400,750,731
1612099200,755,83
1612102800,758,580
1612104600,762,239
1612106400,755,422
1612113000,779,201
1612116000,780,20
1612116300,779,220
1612116900,780,20
1612124700,777,10
1612126500,756,4091
1612128300,755,7585
1612130100,749,4667
1612131900,735,1167
1612149900,824,100
1612151700,764,500
1612153500,750,400
1612160700,700,77
1612164300,734,14477
1612166400,723,21544
1612168200,700,7567
1612170000,703,600
1612171800,721,100
1612177200,705,64
1612180800,707,116
1612183800,706,178
1612184700,718,340
1612186500,731,543
1612190100,732,267
1612191900,741,52
1612193700,750,71
1612195500,745,71
1612197300,736,652
1612200300,730,210
1612200900,721,2355
1612206000,745,100
1612206300,744,102
1612206600,745,100
1612207500,734,1120
1612209300,735,1140
1612210200,744,131
1612210500,735,1138
1612211400,744,131
1612215300,700,316
1612222500,715,2201
1612226100,720,6
1612230900,745,30
1612240800,730,97
1612242300,729,210
1612247700,749,19
1612249800,748,81
1612250100,749,79
1612250400,748,81
1612257900,743,100
1612269900,717,467
1612270500,715,649
1612270800,714,769
1612271100,715,649
1612271400,717,467
1612271700,714,789
1612272900,710,588
1612284300,709,1851
1612284600,710,1848
1612284900,709,1851
1612285800,708,2226
1612286100,709,1851
1612286400,707,1973
1612287600,700,1173
1612287900,707,1973
1612288200,700,1169
1612291500,728,2
1612292100,700,206
1612292400,728,2
1612293600,700,1417
1612297200,709,138
1612299000,727,51
1612300800,749,121
1612302600,710,586
1612304700,697,666
1612306800,696,350
1612308600,700,150
1612313400,749,81
1612317000,750,100
1612319100,748,110
1612319400,729,10
1612329600,758,310
1612337100,695,160
1612344000,694,280
1612347600,695,2519
1612361100,726,100
1612363500,713,173
1612363800,695,123
1612364100,713,173
1612364400,726,101
1612364700,695,544
1612370100,700,263
1612371600,697,696
1612372200,695,3532
1612375500,713,1
1612377300,714,1
1612380000,726,2
1612383000,725,3
1612383300,726,2
1612383600,725,1
1612390500,714,1
1612392300,653,8
1612393800,645,7
1612402200,724,100
1612407900,695,20
1612409700,696,21
1612411800,725,1
1612413900,724,4
1612425000,715,306
1612425300,724,1
1612425900,715,306
1612430100,729,1502
1612430700,728,1557
1612431300,729,1502
1612431900,758,500
1612441200,801,50
1612443000,800,351
1612450200,715,163
1612456800,800,30
1612466100,799,30
1612476900,798,100
1612486200,794,4
1612488900,723,54
1612489200,794,4
1612490400,718,50
1612495500,799,200
1612502100,796,16
1612502400,799,10
1612503000,792,6
1612545000,775,10
1612548000,776,1
1612551000,775,6
1612556400,755,114
1612556700,775,154
1612557600,755,114
1612559100,754,106
1612560900,771,6
1612568700,768,200
1612575000,766,100
1612589700,771,50
1612593900,777,30
1612594200,771,50
1612594500,777,30
1612596300,737,10240
1612599900,738,105
1612601700,776,5
1612619700,755,20
1612624200,727,1
1612627800,728,119
1612628100,727,94
1612628400,728,119
1612628700,727,402
1612630500,730,781
1612630800,732,571
1612631100,731,633
1612631400,730,781
1612632300,736,340
1612632900,733,443
1612633200,734,463
1612633800,755,22
1612639200,750,30
1612641000,732,130
1612643100,727,100
1612644900,712,198
1612646700,730,373
1612648500,746,377
1612649700,744,277
1612650600,741,201
1612651800,712,1283
1612653600,733,5417
1612656300,740,4234
1612657200,754,100
1612657500,740,4234
1612657800,754,100
1612662600,755,100
1612669800,718,100
1612675200,754,1000
1612685100,722,4111
1612691400,746,200
1612716000,753,1
1612720800,771,1
1612721400,753,20
1612721700,771,1
1612724700,744,30
1612728300,781,1
1612728600,744,30
1612728900,781,1
1612729800,744,81
1612730100,781,1
1612730700,744,81
1612735200,779,1000
1612735800,778,1001
1612737600,721,3643
1612737900,761,1295
1612738800,700,4985
1612741200,701,2431
1612742400,700,89
1612742700,701,2431
1612743000,700,3
1612745400,725,100
1612752600,707,1
1612757700,732,100
1612771200,733,1
1612776300,702,2000
1612789500,705,42
1612791600,707,89
1612793100,728,1047
1612795500,727,1063
1612797000,705,63
1612801500,729,1
1612802400,705,7866
1612806900,684,69
1612811700,732,1
1612817400,738,100
1612826400,684,1358
1612828200,685,1398
1612830000,723,40
1612831800,697,1
1612837800,727,1
1612839600,699,51
1612845000,698,11
1612845300,699,8
1612845600,698,11
1612846200,699,8
1612846500,697,3
1612860000,700,30
1612878600,697,1000
1612880400,693,2000
1612884000,694,1516
1612885800,690,715
1612893000,724,30
1612898100,725,5
1612902000,727,1
1612903800,698,21
1612905600,697,20
1612914000,712,1
1612919700,723,200
1612921500,716,410
1612923300,711,210
1612949700,707,20
1612951500,690,535
1612955100,704,11
1612956900,707,30
1612976700,740,30
1612985400,800,34
1612996200,799,100
1613001600,789,24
1613005200,794,210
1613007000,800,100
1613023200,799,1
1613030400,705,1
1613045100,797,1
1613052000,796,1
1613055600,797,30
1613057400,798,10
1613062800,766,40
1613068200,790,8
1613071800,798,200
1613077500,789,10
1613081100,791,620
1613082300,800,120
1613084100,796,51
1613085900,795,31
1613099100,781,20
1613115300,732,3886
1613119500,794,22
1613134200,788,11
1613146200,795,10
1613157000,793,10
1613166000,781,100
1613169600,795,200
1613173500,797,21
1613177100,793,154
1613180700,799,510
1613181600,798,600
1613182200,799,510
1613184000,755,1
1613184600,800,500
1613185200,755,1
1613189400,800,10
1613198400,774,1
1613203800,798,1